	d2_0	d2_1	d2_2	d2_3	d2_4	d2_5	d2_6	d2_7	d2_8	d2_9	d2_10	d2_11	d2_12	d2_13	d2_14	d2_15	d2_16	d2_17	d2_18	d2_19	d2_20	d2_21	d2_22	d2_23	d2_24	d2_25	d2_26	d2_27	d2_28	d2_29	d2_30	d2_31	d2_32	d2_33	d2_34	d2_35	d2_36	d2_37	d2_38	d2_39	d2_40	d2_41
d3_0	0	0.253758	0.0914593	0.0529154	0.0386032	0.0270605	0.0216663	0.0132316	0.0139878	0.0118536	0.00834297	0.00779014	0.00612155	0.00523726	0.00322244	0.0029877	0.00217421	0.0019246	0.00192146	0.00205645	0.00137025	0.0011287	0.00111038	0.00109561	0.000126246	0.000587191	3.45309e-05	0.00012202	0.000453217	0.00048808	0.00012202	0.000631018	0.000139452	0	0.000139452	0.000139452	0	0	0	0	0	0
d3_1	0.00881457	0.00267123	0.00245009	0.00184772	0.00158958	0.00304654	0.00151885	0.00104646	0.000904799	0.00111668	0.00134417	0.000753073	0.0014556	0.00132371	0.000993377	0.000967521	0.00077484	0.000783917	0.000646125	0.000142938	0.000446245	0.000245534	0.000104589	0.00036606	0.00022113	0.000278903	0.000156883	0.00012202	0.000453217	0.000167342	0.000191746	0	0	0	0	0	0	0	0	0	0	0
d3_2	0.00529655	0.00216362	0.00207688	0.00229924	0.00126169	0.00145038	0.00178094	0.00169999	0.000976699	0.00137055	0.00130528	0.00071796	0.00172394	0.000837769	0.000641477	0.000831223	0.000700495	0.000460937	0.000499203	0.000398931	0.000866094	5.69427e-05	0.000219636	0.000324225	0.000240554	0.000174314	0.00027193	0.000104589	3.48629e-05	8.71572e-05	0	1.74314e-05	0.000156883	0.000209177	3.48629e-05	0	0	0	0	0	0	0
d3_3	0.0038667	0.00236593	0.00161613	0.0015109	0.0016038	0.001112	0.00133953	0.00144741	0.000902273	0.00112464	0.00116015	0.000805973	0.000634621	0.00106609	0.00103633	0.000609449	0.000690036	0.000674016	0.00026197	0.000462092	0.000382579	0.000590926	0.000601136	0.000174314	0.000174314	3.48629e-05	8.36709e-05	0.000104589	0.000104589	0	0.000209177	0	0	0.000139452	0	0.000209177	0	0.000104589	0	0	0	0
d3_4	0.00318226	0.00180205	0.0015211	0.000999211	0.00182366	0.00155057	0.00135145	0.00182431	0.000922912	0.00113212	0.000837538	0.000720171	0.00113775	0.000283876	0.000454417	0.00047265	0.000425908	0.000219387	0.000312147	0.000432715	0.000342569	0.000785577	0.000431296	0.000428813	0.000139452	2.78903e-05	6.27532e-05	0.00012202	7.84415e-05	0.000132479	0	1.74314e-05	0	0	0	0	0	0	0	0	0	0
d3_5	0.00243702	0.00172469	0.00184833	0.000987188	0.00226153	0.00121992	0.000931707	0.000883152	0.00161866	0.00139377	0.000378145	0.00065089	0.000800381	0.00019517	0.000484509	0.000594322	0.000543783	0.000959725	0.000639817	0.00052643	0.000248772	0.000423743	0.000440766	0.000700744	9.00625e-05	0.000202205	8.54141e-05	0.000174314	0.000104589	2.78903e-05	7.47062e-05	0.000341656	0.00024404	0	0.000139452	3.48629e-05	0	0	0	0.000104589	0	0
d3_6	0.00229337	0.00126083	0.00138157	0.00123494	0.00124869	0.001268	0.000690464	0.00152731	0.000487669	0.000670935	0.000565683	0.00098221	0.00100494	0.000496959	0.000778125	0.000650034	0.000557308	0.000855967	0.000275824	0.000419356	0.000426406	0.000463676	0.000510651	0.000322482	0.000376519	0.000339913	0.000369547	0.000270187	5.92669e-05	0.000153397	0.000359088	0.000104589	1.74314e-05	0.000139452	0	1.74314e-05	6.97258e-05	0.000209177	0	0	0	0
d3_7	0.00166778	0.00116648	0.00122176	0.000816939	0.000723701	0.000980846	0.000957049	0.00116651	0.000958187	0.000769073	0.00107899	0.000826373	0.000575047	0.000752296	0.000893147	0.000443838	0.00067791	0.000382488	0.00046434	0.000564937	0.000273583	0.000455625	0.000388472	0.000377681	0.000261472	0.000393951	0.000331197	0.00024404	4.35786e-05	5.22943e-05	0.000296335	8.71572e-05	0.000383492	3.48629e-05	0	0.000104589	0	0	0	0	0	0
d3_8	0.00130002	0.000731669	0.000748129	0.000647868	0.000716294	0.000995875	0.000721067	0.000557865	0.000762961	0.000702686	0.0010135	0.000372325	0.00066227	0.000483966	0.000682105	0.000782423	0.000318933	0.000967105	0.000445996	0.000421343	0.000430466	0.00101775	0.0004323	0.000600887	9.21376e-05	0.000226609	0.000463676	0.00036606	0.000283883	6.27532e-05	0.000348629	0.000104589	0.000202205	0.000278903	6.97258e-05	0.000104589	0	0.000104589	0	0	0.000104589	0
d3_9	0.00116534	0.000643845	0.000692318	0.000739622	0.000549176	0.00071155	0.00103075	0.000795713	0.000814838	0.000413713	0.000727683	0.000484447	0.000347535	0.000395245	0.00120401	0.000758849	0.000968758	0.0009769	0.000416113	0.000493149	0.00063218	0.000489575	0.000259479	0.000550585	0.000127831	0.000155389	0.000285627	0.00059931	0.000301315	0.000313766	0.000139452	3.48629e-05	0.000139452	0.000278903	6.97258e-05	0.000139452	0.000104589	0	0	0	0.000104589	0
d3_10	0.000889343	0.000807202	0.000576757	0.000525984	0.00104845	0.000851906	0.0010217	0.000566805	0.000590505	0.000525678	0.000371665	0.000430084	0.000927211	0.0010753	0.000508591	0.000582376	0.000381002	0.000728781	0.000251013	0.000478244	0.000334684	0.000392207	0.000393951	0.000259728	0.000746066	0.000174314	0.000444502	0.000289362	0.000732121	0.0006101	0.000139452	0	0	0.000202205	0.000104589	0.000313766	0.000139452	0.000348629	0.000104589	0	0.000104589	0
d3_11	0.000966345	0.000870885	0.000420156	0.000347468	0.00061503	0.000602708	0.000721496	0.00024373	0.000915639	0.000451402	0.000239309	0.000634033	0.00100145	0.00051548	0.000874768	0.000261804	0.000317937	0.000259326	0.000790557	0.000397769	0.000700744	0.000486088	0.00038233	0.000163856	0.000620559	0.000606033	0.000613587	0.000662395	0.000184773	4.00923e-05	0.00021615	0.000167342	0.000191746	0.000104589	0.000334684	0.000209177	0.000104589	3.48629e-05	0	0	0	0
d3_12	0.000544688	0.000548418	0.000415427	0.000298289	0.000736109	0.000477366	0.000325738	0.000382727	0.000504194	0.000639252	0.000360241	0.000933929	0.000365663	0.000353512	0.000472724	0.000606033	0.000587772	0.000227522	0.0007205	0.000281559	0.00101019	0.00048725	0.000191746	0.000418355	0.000453217	0.000214158	0.000453217	0.00014991	0.000177801	0.00014991	6.97258e-05	0.000400923	0.000254499	0.000139452	0	0	0.00024404	0.00012202	0.000139452	0.000104589	0	0
d3_13	0.000544982	0.000393358	0.000446333	0.000310908	0.000288779	0.000348299	0.000384678	0.000252014	0.000256531	0.00089947	0.000277451	0.000701041	0.000260077	8.09189e-05	0.000232804	0.000712697	0.000639539	0.000676008	0.000459692	0.000825171	0.000330948	0.000224368	0.000456704	0.000453217	0.000470649	0.000446245	0.000209177	0.000463676	0.000367803	0.000296335	0.000477622	0.000237068	0.000350372	0.000278903	0.000453217	0.000296335	0.000209177	0.000104589	0	0.000331197	3.48629e-05	3.48629e-05
d3_14	0.000334837	0.000196121	0.000379284	0.000295551	0.000799688	0.000422989	0.000393693	0.000234878	0.000285987	0.000290927	0.00038278	0.000772829	0.000564846	0.000197876	0.000686173	0.000495273	0.000344312	0.0005974	0.000668633	0.000452719	0.000618567	0.000536888	0.000165599	0.000102596	0.000380005	0.000334684	0.000418355	0.000463676	0.000254499	0.000400923	0.000348629	3.48629e-05	0.000156883	6.27532e-05	0.000481108	0.000174314	0.00024404	0.000209177	0	3.48629e-05	0	0.000104589
d3_15	0.000264611	0.000262321	0.000634777	0.000326446	0.000165811	0.000144787	0.000231289	0.000428322	0.000141468	0.000500838	0.00065298	4.18407e-05	0.000263202	0.000582176	0.000318028	0.000211806	0.000516225	3.09073e-05	0.000597338	0.000609947	0.000461594	0.000278903	0.000527924	0.000428813	0.000500033	0.000306793	0.000443921	5.22943e-05	0.00012202	0.000400923	0.000184773	0.000111561	0.000669367	0.000481108	0.000104589	0.000104589	0.000348629	0.000585696	0.000104589	0.000313766	0.000209177	0
d3_16	0.000118013	0.00016196	0.000213749	5.19511e-05	0.000150691	0.000122058	0.000171556	7.68411e-05	0.00015764	8.676e-05	0.000224245	0.00025691	0.000317003	0.000171016	0.000442862	0.000222422	0.000185422	0.000212387	0.000419695	0.000494721	0.000725306	0.000329454	0.000261472	0.000289362	0.000191746	0.000226609	0.000207185	5.22943e-05	6.27532e-05	0.000313766	0.000156883	0.000435786	0.000585696	0.000278903	0.000854141	0.000470649	0.000313766	0.000209177	0	0	0.000104589	0
d3_17	0.000169325	0.000161779	0.000105519	0.000115482	0.000355462	0.000109245	0.000509912	0.000124508	0.000266611	6.42715e-05	0.000317309	0.000486475	0.000200862	0.000217644	0.000447988	0.000218082	0.000280978	0.000135716	0.000285378	0.000766153	0.000313766	0.00042126	0.000407315	0.000252756	0.000303307	0.000599393	0.000359088	0.000453217	0.000435786	0.000359088	0.000226609	1.74314e-05	0.000191746	0.000174314	0.000261472	0.000104589	0	0	0.000209177	0	0.000418355	0.000104589
d3_18	6.70946e-05	8.01531e-05	6.47976e-05	7.14149e-05	7.83196e-05	8.90719e-05	0.00023674	7.08015e-05	0.000495297	0.000216208	0.00010683	0.000201748	4.64838e-05	5.0896e-05	0.000328873	0.000235815	0.000192078	0.000437529	0.000395113	0.000489492	0.000137459	0.000561043	0.000228352	0.000292267	0.00040416	0.000254499	0.000679826	0.00024404	0.000247526	0.000899462	0.000139452	0.000627532	0.000540375	0.000139452	3.48629e-05	0.000348629	0.000104589	6.97258e-05	0.000418355	0.000139452	0.000104589	0
d3_19	7.90038e-05	3.9892e-05	3.68923e-05	3.24973e-05	1.78234e-05	0.000113692	0.000164401	2.4333e-05	9.23866e-05	0.000260916	0.000142938	0.000347377	0.000178555	0.000552569	0.000246696	0.000278496	0.000523933	0.000472392	0.00020511	0.000302726	0.000270187	0.000447739	3.16256e-05	0.000376519	0.000596404	0.000359088	0.000749552	0.000481108	0.000515971	0.000754532	0.000463676	0.000348629	0.000278903	6.97258e-05	0.000104589	0.000324225	0.000697258	0	0.000139452	0.000104589	0.000104589	0
d3_20	0.000110667	0.00015499	0.000129823	6.81083e-05	0.00021538	6.83744e-05	0.000436438	0.000316103	0.000269765	0.00021727	0.000851988	0.000299846	0.000878972	0.0005343	0.000191165	0.00022196	0.000479116	0.000281808	0.00116623	0.00108399	0.00079753	0.00110582	0.0016017	0.00155812	0.00118036	0.00132828	0.00125656	0.00213112	0.00276429	0.00255147	0.00229896	0.0028483	0.00312371	0.00286922	0.00143286	0.00374079	0.00414868	0.00434043	0.00357345	0.00341656	0.00341656	0.00264958
