	d0_0	d0_1	d0_2	d0_3	d0_4	d0_5	d0_6	d0_7	d0_8	d0_9	d0_10	d0_11	d0_12	d0_13	d0_14	d0_15	d0_16	d0_17	d0_18
d2_0	0	0.0515144	0.00968806	0.0021771	0.000703504	2.13047e-05	0	3.61686e-05	0	0	0	0	0	0	0	0	0	0	0
d2_1	0.119972	0.048362	0.0160927	0.00497129	0.000936608	0.000276767	1.75542e-05	5.30473e-05	2.43584e-05	0	0	0	0	0	0	0	0	0	0
d2_2	0.0529705	0.0333459	0.0161055	0.00662701	0.00243552	0.000635627	0.000235652	2.37859e-05	1.0826e-06	0	1.89455e-05	0	0	0	0	0	0	0	0
d2_3	0.0236212	0.0252272	0.0137695	0.00711929	0.00313726	0.001312	0.000250437	0.00016654	5.68364e-05	3.15758e-06	0	0	0	0	0	0	0	0	0
d2_4	0.011983	0.0171269	0.0118135	0.00755217	0.00400249	0.00131685	0.000893751	0.00043948	1.88414e-05	0	0	0	0	0	0	0	0	0	0
d2_5	0.00738204	0.0115339	0.00966494	0.00661387	0.00455294	0.00171807	0.000799966	0.000188919	1.74651e-05	2.06678e-06	0	0	0	0	0	0	0	0	0
d2_6	0.00334215	0.00692261	0.00827512	0.00806162	0.00476411	0.00407747	0.00154592	0.000600138	0.00015491	6.65485e-05	0	0	0	0	0	0	0	0	0
d2_7	0.00268585	0.00612332	0.00613277	0.00610784	0.00593734	0.00297281	0.00256847	0.000763692	0.000225623	7.90986e-05	0	4.34631e-05	0	0	0	0	0	0	0
d2_8	0.000734321	0.00409526	0.00545294	0.00611316	0.00550915	0.00391787	0.00267091	0.000873582	0.000227082	0.000219436	6.06254e-05	0.000151564	0	0	0	0	0	0	0
d2_9	0.000804883	0.00240124	0.00328664	0.00469344	0.00355149	0.00328919	0.00257056	0.00128685	0.000458449	0.000210655	0.00011662	0	0	0	0	0	0	0	0
d2_10	0.000595066	0.0012217	0.00292098	0.00307459	0.00378262	0.0034506	0.00399036	0.00184363	0.00148792	0.00047084	0.000189455	0.000246291	3.78909e-05	0	0	0	0	0	0
d2_11	7.58389e-05	0.00072098	0.00202237	0.00344669	0.00495506	0.00414296	0.00213661	0.00194385	0.000935815	0.000272544	9.66218e-05	1.72231e-06	0	0.000170509	0	0	0	0	0
d2_12	2.17442e-05	0.000433167	0.00143087	0.00232461	0.00356966	0.00333404	0.00296105	0.0024926	0.00105008	0.0016464	0.000750871	0.000151564	4.97011e-05	2.84182e-05	0	0	0	0	0
d2_13	7.57818e-05	0.00057071	0.000777469	0.00149476	0.00278279	0.00317338	0.00298997	0.0020458	0.00163822	0.000845139	0.000587038	8.52545e-05	0.000113673	0	0	0	0	0	0
d2_14	0.000172231	8.24439e-05	0.000464493	0.00151338	0.00164786	0.00215559	0.00215081	0.00250113	0.00218982	0.00070277	0.00106527	0.000422213	0.000194868	0.000151564	0	0.000151564	0	0	0
d2_15	0	0	0.000551462	0.000711034	0.00201086	0.00302078	0.00216745	0.00224966	0.00190222	0.00109857	0.00119807	0.00068772	0	3.03127e-05	0	0	0	0	0
d2_16	4.33039e-05	6.06254e-05	0.000419055	0.000684852	0.00125961	0.00150225	0.0026522	0.00267707	0.00297875	0.00105552	0.00132284	0.000646483	0.000119086	0.000122875	0	0	0	0	0
d2_17	0	1.13673e-05	0.00011674	0.000377736	0.00115037	0.00207721	0.00220292	0.00250142	0.00155023	0.00113257	0.00114367	0.00072101	0.000515316	0.000265236	3.78909e-05	0	0.000170509	0	0
d2_18	0	4.59284e-06	0.000151564	0.000113596	0.00063873	0.00177671	0.00142355	0.00147946	0.00158914	0.00216222	0.00156472	0.000696922	0.00051694	0.000222293	0.0002084	0.000170509	0	0	0
d2_19	0	0	4.92582e-05	0.000177817	0.000289135	0.00115206	0.00148155	0.00221732	0.00266047	0.00182842	0.00107583	0.000198927	0.0006003	1.13673e-05	0.000113673	0	1.89455e-05	0	0
d2_20	0	0	0	7.57818e-05	0.000293655	0.00127619	0.000582437	0.00181812	0.00203223	0.00198196	0.00170093	0.00106879	0.000907217	0.000317652	0.000113673	0	0	0	0
d2_21	0	0	6.75721e-05	0	0.000371331	0.000413011	0.00114052	0.00112888	0.00164445	0.00184664	0.00228942	0.00174028	0.000505745	0.000776764	0.000151564	1.89455e-05	0	0	0
d2_22	0	0	1.13673e-05	3.78909e-05	0.000158858	0.000155353	0.000424378	0.000259823	0.00127784	0.00170095	0.00222817	0.00144554	0.00150417	0.000829811	0.000189455	0	0	0	0
d2_23	0	0	0	0.000151564	0.000206678	0.000200822	0.000581355	0.000681766	0.000981645	0.00146854	0.00180469	0.000793544	0.000890436	0.00141144	0.000200822	3.78909e-05	0.000151564	0	0
d2_24	0	0	0.000113673	0	1.29912e-05	0.000401644	0.000562508	0.000257658	0.00103605	0.00103415	0.000785966	0.00214841	0.00123524	0.000769185	0.000719927	0.000227345	7.57818e-05	0	0
d2_25	0	0	0	0	2.06678e-06	0.000159142	0.00012504	0.000818083	0.00121792	0.000539945	0.00203032	0.00184096	0.00136191	0.000485004	0.000503949	0.000454691	0.000113673	0	0
d2_26	0	0	0	0	7.57818e-05	5.49418e-05	8.35543e-05	0.000636026	0.00103821	0.000939694	0.00104975	0.00123524	0.00131012	0.00138843	0.000890436	0.000341018	0.0002084	0	0
d2_27	0	0	0	0.000113673	0	0.000198927	0.000113673	0.000352385	0.000592722	0.000697193	0.00135649	0.0013186	0.000947273	0.00116298	0.000606254	0.000454691	0.000151564	0	0.000113673
d2_28	0	0	0	0	0	1.89455e-05	0.000151564	0	0.000598676	0.000785063	0.00119383	0.000901262	0.00133755	0.00148153	0.0011573	0.000522894	0.000227345	0.000227345	0
d2_29	0	0	0	0	0	0	0	0.000113673	0.000265236	0.000911448	0.000316118	0.00105337	0.00133728	0.0013186	0.00134513	0.000284182	0.000113673	0	0
d2_30	0	0	0	0	0	0.000113673	0	5.68364e-05	0.000145248	0.000346431	0.000300962	0.000636567	0.000920749	0.00180361	0.00188697	0.000971631	0.00102305	0.000246291	0
d2_31	0	0	0	0	0	0	0	0.000113673	0	0.000132618	0.000826022	0.00070856	0.00164068	0.00129587	0.000909382	0.000401644	0.000606254	0.000227345	0.000113673
d2_32	0	0	0	0	0	0	0	0	0	5.41299e-06	0.000119086	0.000363753	0.000827285	0.00124282	0.000757818	0.00103568	0.000522894	0.000454691	0
d2_33	0	0	0	0	0	0	0	0.000113673	0	0.000189455	0	0.000257658	0.000852545	0.00118599	0.00161036	0.00136407	0.00115567	0.0006252	0.000113673
d2_34	0	0	0	0	0	0	0	0	0	0	0	0.000151564	0.00106095	0.000663091	0.000977585	0.00109884	0.00107231	0.00102305	0.000568364
d2_35	0	0	0	0	0	0	0	0	0	0	0	0.000151564	0.000454691	0.00123145	0.000928327	0.00143985	0.000947273	0.000587309	0.000227345
d2_36	0	0	0	0	0	0	0	0	0	0	0	0	0.000322073	0.000322073	0.000579731	0.00109884	0.000909382	0.00142091	0.000682036
d2_37	0	0	0	0	0	0	0	0	0	0	0	0.000151564	0.000227345	0	0.000397855	0.0011822	0.00128829	0.00140196	0.000644145
d2_38	0	0	0	0	0	0	0	0	0	0	0	0	0	0.000227345	0.000397855	0.000757818	0.00130724	0.00200064	0.000985164
d2_39	0	0	0	0	0	0	0	0	0	0	0	0	0.000113673	0	0.000113673	0.0006252	0.00143985	0.00242502	0.00306916
d2_40	0	0	0	0	0	0	0	0	0	0	0	0	0	0	0.000113673	0.000568364	0.00117462	0.00189455	0.0025008
d2_41	0	0	0	0	0	0	0	0	0	0	0	0	0	0	0.000113673	0.000113673	0.000435745	0.000682036	0.000682036
