	d2_0	d2_1	d2_2	d2_3	d2_4	d2_5	d2_6	d2_7	d2_8	d2_9	d2_10	d2_11	d2_12	d2_13	d2_14	d2_15	d2_16	d2_17	d2_18	d2_19	d2_20	d2_21	d2_22	d2_23	d2_24	d2_25	d2_26	d2_27	d2_28	d2_29	d2_30	d2_31	d2_32	d2_33	d2_34	d2_35	d2_36	d2_37	d2_38	d2_39	d2_40	d2_41
d3_0	0	0.0926645	0.0722541	0.0577306	0.0414341	0.0373156	0.0249054	0.0198956	0.0155569	0.014825	0.0133301	0.00943177	0.0101934	0.00648939	0.00383234	0.00670351	0.00401148	0.00260495	0.00408797	0.00190033	0.00260241	0.000403748	0.00190894	0.0020218	0.00126215	0.000691332	0.000474409	0.00030334	0.00105181	0.00012839	0.000654297	0.000246904	8.88856e-05	0.000148143	0.000148143	0	0.000222214	0	0	0	0	0
d3_1	0.00178136	0.00158849	0.00234895	0.00244324	0.00247886	0.00189114	0.00208299	0.00236904	0.00272111	0.000740787	0.00141826	0.00153926	0.00171937	0.00153357	0.000759349	0.000753782	0.000847235	0.000456599	0.000410641	0.00111205	0.000320976	0.000579402	0.000172833	0.000187647	0.000500863	0.000237028	0.000345666	0.000296285	0.000197524	0	0	0	0.000148143	0	0	0	0	0	0	0.000148143	0	0
d3_2	0.00160016	0.00170623	0.00175135	0.00351749	0.00249446	0.00196319	0.00278488	0.00187027	0.00137659	0.0014498	0.0014277	0.000832198	0.00107518	0.00156504	0.00152793	0.00047366	0.000948583	0.0014539	0.000384248	0.000815725	0.00080478	0.000566017	0.000809494	0.000345666	0.000395047	0.000488518	0.000399985	4.69118e-05	0.000345666	0.000212338	0.000276533	0.000197524	0	0.000148143	0	0.000172833	0	0	0	0	0	0
d3_3	0.000897381	0.00227118	0.00205651	0.00205509	0.002602	0.00188028	0.00196465	0.00213183	0.00224174	0.00227461	0.00148235	0.00122517	0.000908069	0.000902007	0.000727027	0.00144323	0.00027561	0.000652063	0.000877205	0.000662527	0.000796678	1.32475e-05	0.000216699	0.000343197	0	0.000197524	0.000345666	0.000296285	0.000434552	7.40713e-05	0	4.93809e-05	0.000105816	0	0	4.93809e-05	0	0	0	0	0	0
d3_4	0.0013246	0.00206747	0.00205611	0.00161551	0.00146814	0.00151843	0.00183148	0.00169097	0.00115259	0.00165821	0.00207526	0.000737051	0.00163217	0.00173178	0.000643052	0.00162648	0.0018886	0.000683102	0.000875688	0.000495925	0.000847705	0.000581989	0.000533314	9.87618e-05	0.000481464	0.000246904	0.00030334	0.000246904	0.000148143	0.000222214	7.40713e-05	7.40713e-05	4.93809e-05	0.000246904	0	0	0	0.000197524	0	0	0	0
d3_5	0.00103516	0.00156457	0.00120918	0.001015	0.00100475	0.00118822	0.00110376	0.0013609	0.00211226	0.00113514	0.000873799	0.000765275	0.000501352	0.000832552	0.000992428	0.00109206	0.00106334	0.000720608	0.000540151	0.000538487	0.000680751	8.03389e-05	0.000182239	0.000562942	0.00033579	0.000469118	0.000506154	0.000222214	5.29081e-06	1.69306e-05	0.000333321	0.000148143	0.000237028	0.000197524	7.40713e-05	0	4.93809e-05	0.000148143	4.93809e-05	0	0	0
d3_6	0.000733384	0.00177118	0.00144419	0.00201958	0.00133884	0.00105888	0.00125783	0.00114255	0.00161983	0.00121694	0.00106448	0.00181208	0.00135374	0.000526256	0.00144957	0.000280883	0.00134762	0.00100619	0.000342844	0.00105922	0.00076752	0.000459242	0.000258015	0.000497689	0.000281471	0.000209869	0.000985149	0.000276533	0.00118514	0.000493809	0.000370357	0.000123452	0	0.000274064	0	0.000222214	0	0.000296285	0	0	0	0
d3_7	0.000932903	0.000976553	0.00146826	0.000892446	0.00126342	0.0015523	0.000971819	0.00143786	0.00149853	0.00125968	0.00147872	0.00104145	0.000780769	0.000476134	0.000630542	0.00104011	0.000987115	0.000819019	0.000448768	0.000608443	0.00113329	0.000218569	0.000244083	0.000452658	0.00105311	0.00043173	2.46904e-05	0.000453481	0.000197524	0.000757644	6.17261e-05	0.000345666	0.000197524	0	0	0	0.000222214	0.000148143	0	0.000296285	0	0
d3_8	0.000461711	0.00115775	0.000736344	0.000988886	0.00107539	0.00140081	0.00114176	0.00100313	0.000890576	0.0008952	0.000886316	0.00073495	0.000992019	0.00108897	0.000798268	0.000603415	0.001353	0.000731703	0.00110533	0.000853787	0.000750942	0.000457126	0.000814785	0.000476173	0.000352721	0.000414799	0.000197524	0.000261719	0.000325914	0.000370357	0.000716023	0.000493809	0.000508623	0.000296285	0.000148143	2.46904e-05	0.000296285	0	0.000197524	0	0.000148143	0
d3_9	0.000468446	0.000823636	0.000928251	0.000399754	0.000579097	0.00185953	0.000937511	0.00107403	0.00142091	0.00102473	0.00117504	0.00153907	0.000916539	0.000915588	0.000614424	0.000541915	0.0010199	0.000755175	0.00123264	0.000690716	0.00067934	0.000636308	0.000724253	0.00039299	0.000579656	0.00043949	0.000691332	0.000592571	0.0002074	8.88856e-05	0.000538252	0.000385171	0.000592571	4.93809e-05	0.00054319	4.93809e-05	0.000148143	0	4.93809e-05	0	0.000197524	0.000148143
d3_10	0.000316738	0.000899061	0.00098872	0.00103831	0.000740667	0.000686392	0.000325661	0.000971793	0.000829542	0.000943189	0.000630864	0.0016502	0.000679547	0.00118448	0.000376353	0.0010591	0.00110919	0.000161428	0.000648743	0.00126591	0.000767167	0.000834184	0.00101936	0.000444428	9.87618e-05	0.000730837	0.000459242	0.000402102	0.000819723	0.000212338	0.000953051	0	0.000172833	0	0.000345666	0	0.000271595	0	0.000148143	0.000148143	0.000148143	0
d3_11	0.000746385	0.00103083	0.000356088	0.000517903	0.000517563	0.00112941	0.000535755	0.00134667	0.000494909	0.00123373	0.000735536	0.000886813	0.00055856	0.00104136	0.000867447	0.000940169	0.00103959	0.00048109	0.000409958	0.000606615	0.00061833	0.000723077	0.000447838	0.00126438	0.000780218	0.000343197	0.000395047	0.00025925	0.000148143	0.000345666	0.000493809	0.000395047	0	0.000271595	0.000197524	0.000286409	0.000419738	0	0	0	4.93809e-05	0
d3_12	0.00024595	0.000682726	0.000394373	0.000718768	0.000709432	0.000702686	0.00060283	0.000633454	0.00104598	0.00102175	0.00117149	0.00103289	0.00109219	0.000461806	0.000310629	0.000575349	0.000857735	0.000567939	0.000618598	0.000925774	0.000573395	0.000913546	0.000919318	0.000785156	0.000459242	0.00101936	0.00023209	0.000424676	0.000483933	0.000294041	0.00036048	0.000148143	0.000434552	0.000296285	1.48143e-05	0	0.00056788	0.000148143	0	0	0.000197524	0
d3_13	0.000278187	0.000453351	0.00123484	0.000285427	0.000568643	0.000449515	0.000403951	0.000453358	0.00033055	0.000813491	0.00119371	0.000195537	0.000707241	0.000515468	0.000476857	0.000667583	0.000510269	0.000937514	0.000646291	0.000322739	0.00023209	0.000807025	0.000631947	0.000385171	0.000506154	0.000685571	0.000599625	0.000246904	0.000148143	0.000197524	0.000274064	0.000716023	0.000246904	0.000765404	0.000296285	0.000148143	0.000296285	4.93809e-05	0	4.93809e-05	0	0
d3_14	9.87354e-05	0.000220905	0.00031499	0.00048324	0.00106788	0.000208897	0.000687235	0.000413068	0.000803045	0.000298712	0.000347029	0.000733396	0.000730267	0.00142007	0.000440086	0.0012558	0.000271485	0.000227131	0.000919639	0.000539898	0.000726623	0.000713201	0.000893441	0.000537429	0.000449366	0.00054319	0.000212338	0.000691332	0.000197524	0.000765404	0.000617261	0.000320976	3.95047e-05	0.000716023	0.000123452	4.93809e-05	0.000197524	0.000197524	0.000444428	7.40713e-05	0.000493809	0
d3_15	8.20041e-05	7.58823e-05	7.28004e-05	0.000408075	0.000659892	0.000233926	0.000238794	0.000309288	0.000570142	0.00045842	0.00062999	0.000709383	0.000220364	0.000216422	0.000353281	0.00100889	0.00102042	0.000381654	0.00066382	0.000490966	0.000278649	0.000308631	0.000447121	0.000358011	0.000548128	0.000678987	0.000629606	0.000469118	0.000434552	0.00032803	0.000500863	0.000444428	0.000197524	0.000839475	0.000320976	0.000197524	0.000148143	0	0	0.000148143	0.000197524	0.000148143
d3_16	0.000120594	5.11364e-05	0.000284605	0.000245111	0.00047767	0.00041858	0.00052253	0.000198613	0.000407047	0.000222287	0.000539776	0.00020021	0.000442179	0.000611444	0.000598008	0.00025102	0.000517911	0.000370581	0.000157666	0.000637013	0.000441606	0.000655943	0.000764698	0.000677811	0.000558004	0.00114811	0.000558004	0.000395047	0.00111601	0.000790094	0.000296285	0.00054319	0.000740713	0	0.000370357	0.000296285	9.87618e-05	0.000148143	0	0.000444428	0.000345666	0.000148143
d3_17	3.05421e-05	1.72848e-05	3.35285e-05	1.30367e-05	5.19908e-05	5.64112e-05	0.000287889	3.55942e-05	8.04455e-05	7.8442e-05	0.000161735	7.3384e-05	0.000121589	0.000475703	0.000719785	0.000310394	0.000444546	1.23452e-05	0.000286634	0.000471587	0.000106169	0.000720608	0.000394577	0.000906139	0.000582694	0.00023209	0.001037	0.000296285	0.000345666	0.000518499	0.000525554	0.000296285	0.000994672	0.000730837	0.000691332	0.000444428	0.000493809	0.000592571	0.000197524	0	0.000296285	0
d3_18	9.66241e-05	7.14738e-05	7.86634e-05	0.000161801	0.000144592	0.00010912	0.000581284	0.00012388	0.000601782	0.000433758	0.000546948	0.000484627	0.000339789	0.000671452	0.000131575	0.000777396	0.000688518	0.000641952	0.000234559	0.000927185	0.000463828	0.000723206	0.000461113	0.000372355	0.00102712	0.000548128	0.000471587	0.000483933	0.000617261	0.00034449	0	0.000518499	0.000474057	2.46904e-05	0.000370357	0.000641952	0.000148143	0.000296285	0.000962927	0.000148143	0	4.93809e-05
d3_19	2.1933e-05	0.000113623	0.000262086	5.45763e-05	0.000199547	6.58034e-05	4.01786e-05	0.000171756	0.00012481	0.000542185	0.000173582	0.000291255	6.13734e-05	0.000320906	0.000570702	0.000437726	0.000293816	0.000664979	0.000347783	0.000198817	0.000524485	0.000258074	0.000717316	0.000444428	0.000374472	0.000298754	0.000493809	0.000582694	0.000795032	0.000987618	0.00056788	0.000197524	4.93809e-05	0.000953051	0.000740713	0.000370357	4.93809e-05	0.00054319	0.000148143	0.000197524	0	0
d3_20	7.62142e-05	2.45179e-05	0.000165653	0.000233588	0.000104138	0.00051561	0.000311621	0.000380732	0.000548667	0.000184637	0.000440784	0.000770128	0.00048477	0.00165545	0.000669012	0.00103371	0.00129999	0.00116751	0.00173327	0.00145556	0.00106461	0.00232853	0.000772458	0.00228832	0.00170184	0.0024119	0.00336707	0.00133822	0.00258262	0.00400197	0.00272089	0.00355789	0.00328877	0.00279002	0.0038764	0.00367888	0.00609854	0.00468131	0.00608866	0.0046418	0.00503685	0.00696271
