	d0_0	d0_1	d0_2	d0_3	d0_4	d0_5	d0_6	d0_7	d0_8	d0_9	d0_10	d0_11	d0_12	d0_13	d0_14	d0_15	d0_16	d0_17	d0_18
d2_0	0	0.0303002	0.00855962	0.00183093	0.000280518	0.000165046	1.04757e-05	0	0	0	0	0	0	0	0	0	0	0	0
d2_1	0.0770048	0.0370371	0.0127991	0.00343179	0.0010976	0.000182688	1.49603e-05	2.80874e-08	0	2.4597e-08	0	0	0	0	0	0	0	0	0
d2_2	0.0389955	0.0294118	0.0160684	0.00718564	0.00291884	0.000469494	0.000235565	7.65364e-06	0	6.05965e-09	0	0	0	0	0	0	0	0	0
d2_3	0.0221193	0.0239688	0.0147353	0.00919888	0.00366124	0.000989474	0.000583967	0.000106482	0	9.8431e-06	0	0	0	0	0	0	0	0	0
d2_4	0.0120775	0.0184602	0.0140686	0.0088463	0.00436696	0.00182871	0.00093196	0.000198785	9.15455e-05	3.7778e-05	0	0	0	0	0	0	0	0	0
d2_5	0.00709052	0.0134509	0.011608	0.0105711	0.0049437	0.00219586	0.00130173	0.000610388	4.53336e-05	3.17915e-05	5.25114e-05	0	0	0	0	0	0	0	0
d2_6	0.00347114	0.0099845	0.00959681	0.0089086	0.00570408	0.00275232	0.00139754	0.00105524	0.000480752	8.31116e-06	2.26668e-05	0	0	0	0	0	0	0	0
d2_7	0.00217383	0.00697995	0.00764637	0.00945225	0.00633546	0.00422849	0.00183105	0.00175992	0.000287853	0.000221088	8.05543e-05	0	0	0	0	0	0	0	0
d2_8	0.00121227	0.00342389	0.00591836	0.0081043	0.00554349	0.00371868	0.00348532	0.00125407	0.000354872	7.96093e-05	0.000249335	0.000244801	0	0	0	0	0	0	0
d2_9	0.000653007	0.00219117	0.00502592	0.00563009	0.00616425	0.00383418	0.00402489	0.00183987	0.00112937	0.000627664	0.000274474	9.06671e-06	0	8.87435e-05	0	0	0	0	0
d2_10	0.000247081	0.000992824	0.0032847	0.0048162	0.00401803	0.00382468	0.00318381	0.00125731	0.00114176	0.000512685	0.00028912	0	0	1.07937e-05	0	0	0	0	0
d2_11	0.00016077	0.00115464	0.00228729	0.00438284	0.00487294	0.00432448	0.00322827	0.00255524	0.0022919	0.00121563	6.57337e-05	0.000249335	0	0	0	0	0	0	0
d2_12	7.28395e-05	0.000480275	0.00126106	0.00160237	0.00383234	0.00323329	0.00256645	0.00191813	0.00204392	0.000888417	0.000269915	4.98669e-05	0.000211557	0	0	0	0	0	0
d2_13	0.000220581	0.00051867	0.00108416	0.00232488	0.00356038	0.00414757	0.00358432	0.00338568	0.00185277	0.00116906	0.000576364	0.000323379	0.000105778	6.47622e-06	0	0	0	0	0
d2_14	0.000352929	0.000366118	0.000890657	0.00169292	0.0021305	0.00327321	0.00322512	0.00365406	0.00162264	0.00202683	0.000819377	0.000284846	0	0.000149601	2.41779e-05	0	0	0	0
d2_15	1.12001e-05	0.00046815	0.000442262	0.000809305	0.00231374	0.00324606	0.00303336	0.00281829	0.00332274	0.0012796	0.000291744	0.000570555	0.000303087	0.000165144	0	4.53336e-05	0	0	0
d2_16	0	0.00017058	0.000504066	0.000904405	0.000926666	0.0022808	0.00274744	0.00223372	0.00204608	0.0012375	0.00145742	0.00058965	0.000224195	6.12003e-05	0	0	0	0	0
d2_17	0	4.53336e-05	0.000258151	0.000618332	0.00094178	0.00193142	0.00179814	0.00121697	0.00246414	0.00215765	0.00162003	0.000558466	7.70671e-05	0	0.000240268	4.53336e-05	0	0	0
d2_18	0	0.00012089	0.000160385	0.00075554	0.00136714	0.00111769	0.00147259	0.00286246	0.00186712	0.00130504	0.00106944	0.000991834	0.00078329	0.000332878	0	0	0	0	0
d2_19	0	0	3.40002e-05	0.000453336	0.000395418	0.00124344	0.000818962	0.00284036	0.00182025	0.00214134	0.00137114	0.000718007	0.000473412	0.000466288	0.000376269	1.36001e-05	0	0	0
d2_20	0	0	2.26668e-05	0.000177556	0.000870522	0.000827985	0.00155881	0.00217406	0.0019762	0.00222123	0.00303723	0.00122552	0.00105476	0.00075556	0.000521336	4.53336e-05	2.26668e-05	0	0
d2_21	0	3.02224e-06	9.06671e-05	8.18065e-05	0.000715829	0.000688423	0.00168823	0.001084	0.00289682	0.0019583	0.00242524	0.00165154	0.00113787	0.000541412	0.000361589	5.44003e-05	0	0	0
d2_22	0	0	2.94766e-05	0	0.000385335	0.000217601	0.000435202	0.000846227	0.00137435	0.00161106	0.00161873	0.00244089	0.000544003	0.000861338	0.000380802	0.000285602	0	0	0
d2_23	0	0	0	7.00414e-05	4.53336e-05	0.000363198	0.000743471	0.00156487	0.00173077	0.0011886	0.00215647	0.0019215	0.00109254	0.000625603	0.000767649	0.000272001	4.53336e-05	0	0
d2_24	0	0	0	2.9143e-05	0.000226668	0	0.000156077	0.000579821	0.00151103	0.00191502	0.0016876	0.000933224	0.00125347	0.000784271	0.000408002	0.000340002	0.000181334	0	0
d2_25	0	0	0	0	4.53336e-05	0	0.000419336	0.000557603	0.00143859	0.00079949	0.000790747	0.00120102	0.00185694	0.00121494	0.000534936	0.000362669	0.000204001	6.80004e-05	0
d2_26	0	0	0	0	0	2.26668e-05	0.000204001	0.000464379	0.000323811	0.000999605	0.00212809	0.00157955	0.00148888	0.00148694	0.000929338	0.000240268	4.53336e-05	0.000136001	0
d2_27	0	0	0	0	0	0.000181334	9.71434e-05	0.000210477	0.000537203	0.000843204	0.00102454	0.00227575	0.00157696	0.00110808	0.000489603	0.00044578	0.000145067	4.53336e-05	0.000136001
d2_28	0	0	0	0	0	0	0	0.000241779	0.000340002	0.000709147	0.000761604	0.00137361	0.00198691	0.00299655	0.00126416	0.000657337	0.000204001	0.000136001	0.000136001
d2_29	0	0	0	0	0	0	0.000136001	4.53336e-05	4.53336e-05	0.000362669	0.000684537	0.00135742	0.00102454	0.00106534	0.00186321	0.000788804	0.000249335	0	0
d2_30	0	0	0	0	0	0	0	0.000217601	9.06671e-05	0.00060067	0.00102001	0.00109254	0.00150702	0.00130561	0.00192668	0.00213521	0.000612003	0.000362669	0
d2_31	0	0	0	0	0	0	0	0	0.000226668	0.000398935	0.00064827	0.00075448	0.00125121	0.000897605	0.00137361	0.00126027	0.000838671	0.000136001	2.26668e-05
d2_32	0	0	0	0	0	0	0	0	0.000136001	0.000317335	0.000340002	0.000816004	0.00160028	0.000956538	0.00149601	0.00226668	0.00129201	0.000534936	0
d2_33	0	0	0	0	0	0	0	0.000136001	0.000149601	0	4.53336e-05	0.000544003	0.00133734	0.000974672	0.00149601	0.00212161	0.00133734	0.000725337	0.000272001
d2_34	0	0	0	0	0	0	0	0	4.53336e-05	0	0	0.000498669	0.000822481	0.00136454	0.00139627	0.00238001	0.00106534	0.00188134	0.000136001
d2_35	0	0	0	0	0	0	0	0	0	0	0.000317335	0.000204001	0.000408002	0.000281068	0.00130561	0.00160934	0.00183601	0.00149601	0.000544003
d2_36	0	0	0	0	0	0	0	0	0	0	0	0	0.000181334	0.000136001	0.000884005	0.00213068	0.00185868	0.00140534	0.000680004
d2_37	0	0	0	0	0	0	0	0	0	0	0	0	0.000136001	0.000272001	0.000861338	0.000861338	0.00183601	0.00163201	0.000476003
d2_38	0	0	0	0	0	0	0	0	0	0	0	0	0.000136001	0	0.000362669	0.00122401	0.00117867	0.00208534	0.00183601
d2_39	0	0	0	0	0	0	0	0	0	0	0	0	0	0	0.000362669	0.00104267	0.00154134	0.00224401	0.00163201
d2_40	0	0	0	0	0	0	0	0	0	0	0	0	0	0	0.000113334	0	0.000544003	0.00281068	0.00412536
d2_41	0	0	0	0	0	0	0	0	0	0	0	0	0	0	0	0.000272001	0.000408002	0.000680004	0.00262935
