	d0_0	d0_1	d0_2	d0_3	d0_4	d0_5	d0_6	d0_7	d0_8	d0_9	d0_10	d0_11	d0_12	d0_13	d0_14	d0_15	d0_16	d0_17	d0_18
d2_0	0	0.0258538	0.00617768	0.00142518	0.000171847	5.36349e-05	0	0	0	0	0	0	0	0	0	0	0	0	0
d2_1	0.0606479	0.0322494	0.012675	0.00331543	0.000778938	0.000380007	1.63819e-05	0	0	0	0	0	0	0	0	0	0	0	0
d2_2	0.0333089	0.0253435	0.0146639	0.00754523	0.00241356	0.000489214	0.000295626	5.80111e-05	0	0	0	0	0	0	0	0	0	0	0
d2_3	0.0201863	0.0208865	0.0143379	0.00837502	0.00465452	0.000787216	0.000924631	0.000162351	0	0	0	0	0	0	0	0	0	0	0
d2_4	0.0116591	0.015212	0.016103	0.00861896	0.00579605	0.00215739	0.000991808	0.000180682	0.000276497	1.40811e-07	0	0	0	0	0	0	0	0	0
d2_5	0.00663591	0.0162138	0.0151045	0.0103192	0.00596327	0.00224767	0.00126927	0.000395352	0.000427224	0.000104617	0	0	0	0	0	0	0	0	0
d2_6	0.00328741	0.0089384	0.010854	0.00966634	0.00638184	0.00273651	0.00171508	0.00113067	0.000316746	0.000182227	3.1385e-05	0	0	0	0	0	0	0	0
d2_7	0.00169017	0.00712857	0.00689585	0.00768113	0.00589943	0.00474539	0.00295066	0.00120721	0.000379222	6.61886e-05	1.2554e-05	3.78306e-06	0	0	0	0	0	0	0
d2_8	0.00149955	0.00568992	0.00605058	0.00771966	0.00671328	0.00455044	0.00375444	0.00141224	0.000492208	0.000579798	1.67387e-05	5.23084e-06	0	0	0	0	0	0	0
d2_9	0.000564606	0.00224033	0.00458192	0.00618798	0.00601957	0.00443384	0.00327401	0.00137541	0.000922689	0.000413312	0.000176327	5.57956e-05	6.10265e-06	0	0	0	0	0	0
d2_10	0.00023236	0.00200905	0.00338241	0.00410096	0.00640127	0.00457209	0.00250776	0.00238675	0.00178109	0.000470863	7.91759e-05	0	9.76423e-06	0	0	0	0	0	0
d2_11	0.000833484	0.00145706	0.0021613	0.00444363	0.00473467	0.00526331	0.0029071	0.00341621	0.00205137	0.00178485	0.000190403	0	1.67387e-05	0	0	0	0	0	0
d2_12	0.0001493	0.000452132	0.00148464	0.00394038	0.00526224	0.00427762	0.00404098	0.00192189	0.00173094	0.000903626	0.000746266	0.00066606	0.000146463	4.88212e-05	0	0	0	0	0
d2_13	5.45275e-05	0.000610392	0.00102527	0.00201812	0.00327315	0.00421323	0.00253878	0.00113502	0.00138919	0.000908747	0.000737886	0.00027584	0	5.57956e-05	0	0	0	0	0
d2_14	0.000270831	0.000124446	0.000422811	0.00201134	0.00246199	0.00349898	0.00436676	0.00312044	0.00244549	0.0026538	0.000384757	0.000245268	8.5437e-05	0	0	0	0	0	0
d2_15	0	0.00030558	0.00100178	0.00143479	0.00205082	0.00163707	0.00335316	0.00276817	0.00180742	0.00216803	0.000954454	0.000643654	0.000331286	0.000256311	0	0	0	0	0
d2_16	0	0	5.85854e-05	0.000832616	0.00162405	0.00380801	0.0037569	0.00248708	0.00257523	0.00119103	0.000721856	0.000365461	0.000136699	0	0	1.46463e-05	0	0	0
d2_17	0	5.00892e-05	0.000156569	0.000885755	0.0017291	0.00154854	0.00242721	0.00276208	0.00256291	0.00233959	0.00194795	0.0011126	0.000427185	0.000129027	0.000307573	0	0	0	0
d2_18	0	1.46463e-05	0.000173179	0.000124494	0.00123656	0.00210718	0.00232689	0.0018307	0.00251962	0.00167913	0.00219254	0.00182764	0.000540752	0.000454037	0.000292927	0	0	0	0
d2_19	0	0	0.000408288	0.000361625	0.000361847	0.00139841	0.0022613	0.00235729	0.00192007	0.00221532	0.00237259	0.00173014	0.000578753	0.000205049	0.000158891	0	0	0	0
d2_20	0	0	6.20726e-05	4.61582e-05	0.000180638	0.00102803	0.00146735	0.00122378	0.0023991	0.00209126	0.0023204	0.0019039	0.00106941	0.000285255	5.85854e-05	0	0	0	0
d2_21	0	5.57956e-05	1.67387e-05	8.78781e-05	3.90569e-05	0.000558654	0.0010929	0.00241491	0.00266657	0.00205502	0.00215464	0.00104268	0.00092365	0.000751846	4.88212e-05	4.88212e-05	0	0	0
d2_22	0	0	0	0.000207712	1.46463e-05	0.00072478	0.000714009	0.00162051	0.00271852	0.00208513	0.00156624	0.00161726	0.0018838	0.00103989	0.000234342	0.000234342	0.000219695	4.88212e-05	0
d2_23	0	0	6.10265e-05	0	0.000475658	0.000456129	0.000559816	0.00120542	0.00218311	0.000960614	0.00208082	0.00145196	0.00187229	0.00144022	0.000631885	0.000211558	0.000219695	0	0
d2_24	0	0	0	0	0.000156228	0.000163329	0.000527839	0.000926905	0.00210907	0.00191344	0.00129702	0.00232238	0.00160831	0.000917838	0.00103013	0.00057609	0.000175756	0	0
d2_25	0	0	0	0	0	3.90569e-05	0.00016111	0.000309666	0.000680706	0.00147603	0.00160831	0.00159366	0.00293659	0.00139838	0.000537033	0.000366159	4.88212e-05	0	0
d2_26	0	0	0	0	6.97445e-06	0.000244106	0.000244106	0.000549238	0.000668036	0.001118	0.00128818	0.00187473	0.00192111	0.00063886	0.00085437	0.000610265	0.000488212	4.88212e-05	0
d2_27	0	0	0	0	1.46463e-05	2.6038e-05	0	0.000122053	0.000378364	0.00199888	0.00169619	0.00237271	0.00208955	0.00213348	0.0006005	0.000634675	9.76423e-05	0	0.000146463
d2_28	0	0	0	0	0	7.32317e-05	0	0.000153438	0.000549238	0.000275491	0.000653506	0.000627003	0.00124633	0.00177221	0.00124494	0.000659086	0.00043939	0.000292927	0
d2_29	0	0	0	0	0	0	0	0.000463801	0.000624911	0.000551679	0.000707907	0.000961777	0.00178197	0.00162574	0.00158669	0.00127423	0.000454037	0.000195285	4.88212e-05
d2_30	0	0	0	0	0	0	4.88212e-05	2.44106e-05	0	0.000917838	0.00118635	0.00150857	0.00099107	0.001843	0.00127423	0.00162574	0.000331984	0.000537033	0.000292927
d2_31	0	0	0	0	0	0	9.76423e-05	0	1.46463e-05	0.000195285	0.000976423	0.000825078	0.000844606	0.00134258	0.00162574	0.000805549	0.00109848	0.000585854	0
d2_32	0	0	0	0	0	0	0	4.88212e-05	4.88212e-05	0.000146463	0.00057609	0.00082996	0.00103013	0.00121076	0.00146463	0.00168433	0.00102524	0.00043939	0
d2_33	0	0	0	0	0	0	0	0	0	0.000219695	0.000151694	0.000341748	0.00151346	0.00132515	0.00170874	0.00158669	0.000952013	0.00163551	0.000488212
d2_34	0	0	0	0	0	0	0	0	0	0	0.000195285	0.000410098	0.000683496	0.0016111	0.000577717	0.00113753	0.00102524	0.00140605	0.000195285
d2_35	0	0	0	0	0	0	0	0	0	0.000195285	0	0.000390569	0.00041498	0.000112289	0.00157692	0.00192844	0.00214813	0.00131817	0.000146463
d2_36	0	0	0	0	0	0	0	0	0	4.88212e-05	0.000146463	0.000219695	0.000268516	0.00043939	0.00122053	0.00170874	0.00258752	0.0032222	0.000878781
d2_37	0	0	0	0	0	0	0	0	0	0	0.000146463	0	0.000195285	0.00043939	0.00107407	0.00100083	0.00170874	0.0011473	0.000732317
d2_38	0	0	0	0	0	0	0	0	0	0	0	0	0.000292927	0	0.000805549	0.000732317	0.00136699	0.00229459	0.00180638
d2_39	0	0	0	0	0	0	0	0	0	0	0	0	0	0	0.000488212	0.000683496	0.00136699	0.00195285	0.00151346
d2_40	0	0	0	0	0	0	0	0	0	0	0	0	0	0.000146463	0	0.000390569	0.00131817	0.00292927	0.00410098
d2_41	0	0	0	0	0	0	0	0	0	0	0	0	0	0	0	0.000146463	0.000292927	0.00102524	0.00131817
