	d2_0	d2_1	d2_2	d2_3	d2_4	d2_5	d2_6	d2_7	d2_8	d2_9	d2_10	d2_11	d2_12	d2_13	d2_14	d2_15	d2_16	d2_17	d2_18	d2_19	d2_20	d2_21	d2_22	d2_23	d2_24	d2_25	d2_26	d2_27	d2_28	d2_29	d2_30	d2_31	d2_32	d2_33	d2_34	d2_35	d2_36	d2_37	d2_38	d2_39	d2_40	d2_41
d3_0	0	0.14287	0.0485464	0.0213191	0.0107464	0.00495234	0.00300987	0.00155515	0.000689513	0.000511454	0.000197753	0.000181421	1.83746e-05	1.30602e-05	0	0	0	0	0	0	0	0	0	0	0	0	0	0	0	0	0	0	0	0	0	0	0	0	0	0	0	0
d3_1	0.0718114	0.0490417	0.0309324	0.0225124	0.0128134	0.00926417	0.00645474	0.00404374	0.00302737	0.00118296	0.00074392	0.000744454	0.000336762	0.000338095	0.000444119	0.00016259	0.000259498	0	0	0	0	0	0	0	0	0	0	0	0	0	0	0	0	0	0	0	0	0	0	0	0	0
d3_2	0.0109061	0.0150071	0.0159826	0.0155933	0.0125648	0.00851468	0.00700368	0.00584492	0.00361857	0.00330229	0.00210507	0.00131507	0.0010579	0.00075166	0.000454025	0.000403569	0.000109039	0.000152158	0	0	0	0	0	0	0	0	0	0	0	0	0	0	0	0	0	0	0	0	0	0	0	0
d3_3	0.00219526	0.00374186	0.00654629	0.0079141	0.00792812	0.00819363	0.00679084	0.00610916	0.00463275	0.0040851	0.00293927	0.00281351	0.00143503	0.00117221	0.000736078	0.000808673	0.00064257	0.000134567	4.97049e-05	0.000108124	2.01955e-05	0.000177517	0	0	0	0	0	0	0	0	0	0	0	0	0	0	0	0	0	0	0	0
d3_4	0.00031037	0.00151401	0.00188422	0.00325295	0.00504159	0.0059986	0.00487601	0.00456676	0.00450044	0.00509388	0.00399152	0.00340782	0.00306831	0.00169014	0.00177679	0.00123507	0.000906858	0.000285932	0.000625187	0.000238788	0.000215816	4.4633e-05	8.87587e-05	0	0	7.47187e-05	0	0	0	0	0	0	0	0	0	0	0	0	0	0	0	0
d3_5	6.72018e-05	0.000394993	0.000944604	0.00171039	0.00276794	0.00207895	0.00222411	0.00317754	0.003869	0.00310006	0.00393548	0.00245929	0.00287925	0.0026535	0.00237903	0.00188742	0.00169271	0.000988046	0.000658315	0.000377267	0.000578707	0.000521648	0.000382774	0.000136097	0	0	0	0	0	0	0	0	0	0	0	0	0	0	0	0	0	0
d3_6	8.74023e-06	0.000163089	0.000185403	0.000650753	0.00121892	0.00101101	0.00224838	0.0022025	0.00246242	0.00382009	0.00398264	0.00351628	0.0024868	0.00148626	0.00240045	0.00140423	0.00188157	0.00116707	0.0011494	0.00102337	0.000709893	0.000421984	0.000152665	0.000476669	0.000124262	0.000147086	0.000159766	0	0	0	3.55035e-05	0	0	0	0	0	0	0	0	0	0	0
d3_7	0	5.11804e-06	3.81913e-05	0.000149887	0.000436653	0.000775365	0.00116959	0.00156368	0.00202232	0.00195376	0.00275253	0.00289104	0.0022584	0.00179667	0.00248424	0.00114966	0.0022909	0.00171795	0.00227931	0.00155218	0.00110009	0.00109441	0.000472294	0.00038851	0.000124931	7.1007e-05	0.000186393	0.00020592	0.000159766	0.000142014	0	0	0	0	0	0	0	0	0	0	0	0
d3_8	0	0	1.27709e-05	2.47386e-05	0.000263049	0.00057881	0.000283535	0.000494441	0.000835681	0.00105488	0.00107356	0.00205575	0.00167383	0.0021821	0.000865424	0.00142996	0.00189531	0.00199522	0.000886826	0.00140812	0.00123675	0.000909904	0.000853521	0.00082156	0.00054514	0.000433396	0.00059088	0.000216571	0.000170417	0.00010651	0	0.00010651	0	0	0	0	0	0	0	0	0	0
d3_9	0	0	0	5.07193e-06	1.22572e-05	8.37602e-05	2.82414e-05	7.03799e-05	9.18787e-05	0.00040552	0.00051702	0.00106612	0.00113149	0.00106736	0.00119599	0.00160891	0.0018586	0.00167846	0.00234461	0.001276	0.00128548	0.0011028	0.000590626	0.00115582	0.00102757	0.000820131	0.000892659	0.00049502	0.000605335	7.1007e-05	0.000213021	0	0	0.00010651	0	0	0	0	0	0	0	0
d3_10	0	0	0	0	4.05754e-05	1.86694e-05	7.81077e-05	3.55035e-06	0.000184052	0.000498433	0.000656215	0.00054388	0.000609144	0.000665133	0.00103942	0.00123458	0.00183079	0.00139502	0.00138725	0.00153527	0.00168658	0.00158996	0.00146984	0.00118937	0.000828661	0.00145564	0.000776681	0.000697052	0.000637034	0.000266276	0.000306852	0.000443794	0.000276927	0	0	0	5.32552e-05	0	0	0	0	0
d3_11	0	0	0	0	0	0	7.98829e-06	0	0.000255625	4.61545e-05	0.000180574	0.00023221	0.0003023	0.00095124	0.000497979	0.000862481	0.00102511	0.000954199	0.00155573	0.000849392	0.00104616	0.00134034	0.0011209	0.00181372	0.0014876	0.00132656	0.000889362	0.000663915	0.000603559	0.000576594	0.000429592	0.000230773	0.000142014	0	3.55035e-05	0	0	0	0	0	0	0
d3_12	0	0	0	0	0	0	0	0	0	0	0.000177517	3.4151e-05	0.000234323	0.000298483	0.000122487	0.00059443	0.000593923	0.000572198	0.000712683	0.00078767	0.000596459	0.000838812	0.00115682	0.000922837	0.00146427	0.00179445	0.00096392	0.000337283	0.00122994	0.00088167	0.00117162	0.000568056	0.000266276	0.00030178	0.000213021	3.55035e-05	0.000248524	0.00010651	0	0	0	0
d3_13	0	0	0	0	0	0	0	0	0	0	0	0	0.000113611	2.28237e-05	0.000152665	0.000241424	0.000184365	0.000129334	0.000471351	0.000401189	0.000621311	0.000820384	0.00115716	0.00167044	0.000784627	0.00168997	0.00081658	0.000990547	0.000855127	0.00135268	0.0015657	0.00129588	0.000756224	0.000550304	0.000426042	0.00049502	0.000213021	0.00010651	0	0	0	0
d3_14	0	0	0	0	0	0	0	0	0	0	0	0	0	0	4.61545e-05	0.000149115	0.000211407	5.32552e-05	0.000355035	0	0.000418941	0.000465096	0.00091599	0.000627228	0.000472196	0.000962145	0.000905001	0.00121954	0.000457488	0.00071717	0.0014876	0.00219412	0.00135978	0.000923091	0.000702969	0.000745573	0.000218093	0.000213021	0	0	0	0
d3_15	0	0	0	0	0	0	0	0	0	0	0	0	0	0	0	2.84028e-05	0	1.77517e-05	0.000177517	0.000284028	0.000534328	0.000514801	0.000195269	0.000319531	0.000637034	0.00131363	0.000674566	0.00111836	0.000486398	0.000844983	0.000827231	0.00105242	0.000928163	0.00144854	0.000568056	0.000319531	0.000230773	0.000461545	0.000426042	0.00010651	0	0
d3_16	0	0	0	0	0	0	0	0	0	0	0	0	0	0	0	0	0	0	6.39063e-05	4.05754e-05	6.39063e-05	0.000177517	6.54279e-05	0.000489948	0	0.000296201	0.000568056	0.000525452	0.000621311	0.00116806	0.00189741	0.00126037	0.00216216	0.00120712	0.000727822	0.000781077	0.00110061	0.000532552	0.000383438	0	0	0
d3_17	0	0	0	0	0	0	0	0	0	0	0	0	0	0	0	0	0	0	0	3.55035e-05	0.00010651	0	0.000142014	0	5.32552e-05	0.000213021	0.000284028	0.00020592	0.000560955	0.000342355	0.000940842	0.001058	0.00134203	0.000994098	0.00122487	0.00124262	0.00118937	0.00071007	0.000994098	0.0010296	0.00010651	3.55035e-05
d3_18	0	0	0	0	0	0	0	0	0	0	0	0	0	0	0	0	0	0	0	0	0	0	0	0	0.000177517	0	0.000159766	0.000312431	7.1007e-06	0.000568056	0.000266276	0.000489948	0.00061421	0.000443794	0.0010651	0.00081658	0.00129588	0.00117162	0.00138464	0.00120712	0.000568056	0.000532552
d3_19	0	0	0	0	0	0	0	0	0	0	0	0	0	0	0	0	0	0	0	0	0	0	0	0	0	0.00010651	3.55035e-05	0.000248524	0.00010651	0.00010651	0.00010651	5.32552e-05	3.55035e-05	0.000568056	0.000390538	0.0010296	0.00101185	0.000745573	0.00182843	0.00131363	0.00152665	0.00138464
d3_20	0	0	0	0	0	0	0	0	0	0	0	0	0	0	0	0	0	0	0	0	0	0	0	0	0	0	0	0	0	0	0	0	0.00010651	0	0.00010651	0.000213021	0.000319531	0.000994098	0.000532552	0.00197044	0.0020237	0.000958594
