	d0_0	d0_1	d0_2	d0_3	d0_4	d0_5	d0_6	d0_7	d0_8	d0_9	d0_10	d0_11	d0_12	d0_13	d0_14	d0_15	d0_16	d0_17	d0_18
d2_0	0	0.0365504	0.00736288	0.0015761	0.000407906	8.73167e-05	1.99821e-05	0	0	0	0	0	0	0	0	0	0	0	0
d2_1	0.0838811	0.0409996	0.0131664	0.00435577	0.0014152	0.000262898	0.000142549	2.99669e-07	0	0	0	0	0	0	0	0	0	0	0
d2_2	0.0438773	0.0327267	0.0151795	0.0070987	0.00186035	0.000547265	0.000158036	9.80373e-06	8.54355e-07	0	0	0	0	0	0	0	0	0	0
d2_3	0.0218242	0.0234382	0.0145474	0.00690457	0.00370177	0.00126041	0.000317569	0.000174538	1.0893e-06	0	0	0	0	0	0	0	0	0	0
d2_4	0.0123111	0.0182953	0.0128138	0.00888548	0.00513723	0.00200557	0.000663055	0.000401137	1.2122e-05	0	0	0	0	0	0	0	0	0	0
d2_5	0.00800588	0.0118437	0.011131	0.0073467	0.00494877	0.00184095	0.00228192	0.000376977	0.000203254	6.22459e-06	0	0	0	0	0	0	0	0	0
d2_6	0.00441021	0.0101538	0.0107646	0.00691403	0.00736146	0.00372208	0.00166379	0.000887413	0.000385349	7.15828e-05	6.53582e-06	0	0	0	0	0	0	0	0
d2_7	0.00233541	0.00563517	0.00791521	0.00556573	0.00637657	0.0050811	0.00250208	0.00121465	0.000296953	0.000282049	0	0	0	0	0	0	0	0	0
d2_8	0.0015781	0.00374775	0.00583214	0.00497709	0.00599005	0.00457049	0.00264105	0.00154574	0.000735166	0.000233747	0.000143477	4.66844e-06	0	0	0	0	0	0	0
d2_9	0.000581474	0.00311154	0.00416867	0.00493831	0.00427701	0.00413142	0.0029408	0.00112325	0.0010684	0.00010479	0.000209146	6.1001e-05	0	0	0	0	0	0	0
d2_10	0.00039351	0.000882092	0.00368035	0.00560376	0.00636135	0.0043684	0.00315851	0.0023055	0.00161998	0.00129141	0.000185044	6.53582e-05	0	0	0	0	0	0	0
d2_11	8.43733e-05	0.00194065	0.00250721	0.00275731	0.00530906	0.00358837	0.00261131	0.00135201	0.00171412	0.00135607	0.000166005	0.000209769	0.000274504	0	0	0	0	0	0
d2_12	0.000332712	0.000508086	0.00150941	0.0023418	0.00373998	0.00348553	0.00296157	0.00183769	0.0020561	0.000942087	0.000174948	0.000158727	0.000130716	0	0	0	0	0	0
d2_13	0.000102706	0.000283799	0.0010925	0.00268432	0.00291435	0.00360867	0.00210515	0.00301095	0.000951442	0.00171031	0.000310592	5.49744e-05	0.000270546	3.23679e-05	0	0	0	0	0
d2_14	2.68318e-06	0.000339301	0.000710814	0.00237075	0.00187115	0.00359397	0.00285766	0.00270527	0.00176988	0.00116565	0.000715922	0.000203337	5.44651e-05	0	0	0	0	0	0
d2_15	0.000209146	0.000318076	0.000749485	0.000939938	0.00188697	0.00322919	0.00253431	0.00175217	0.00233285	0.00164803	0.000402835	0.000254171	5.44651e-05	8.71442e-06	4.35721e-06	0	0	0	0
d2_16	0	5.85111e-05	8.22272e-05	0.000248517	0.00182509	0.00163168	0.00288427	0.00224333	0.00219655	0.00204052	0.0014691	0.000728579	0.000363827	0.000165574	3.48577e-05	2.17861e-05	0	0	0
d2_17	0	0.000122936	0.000158312	0.000459131	0.000738372	0.00141982	0.00221121	0.00282069	0.00258234	0.00183489	0.00206936	0.000490498	0.00109584	8.71442e-05	0.000217861	0	0	0	0
d2_18	0	0	5.22865e-05	0.000565624	0.000383736	0.00163298	0.00177832	0.00197132	0.00206212	0.0021115	0.00185969	0.00102332	0.000422961	0.000782318	6.53582e-05	0	0	0	0
d2_19	0	0	6.58769e-05	4.35721e-05	0.000418292	0.00072972	0.00199934	0.00165096	0.00237612	0.00278177	0.00194913	0.000664164	0.000202922	0.000607105	1.30716e-05	0	0	0	0
d2_20	2.48984e-05	0	0	0.000305005	0.00115994	0.00112265	0.00150925	0.0013025	0.00243355	0.0026776	0.00210578	0.000899764	0.00052909	0.000764691	0.000239647	0	0	0	0
d2_21	0	0	0	8.71442e-05	0.00029629	0.000779931	0.000731285	0.00120601	0.00210369	0.00305794	0.00205431	0.00135146	0.00129795	0.000751308	0.000777451	0.000130716	0	0	0
d2_22	0	0	0	0.00010893	0.000199498	0.000403353	0.000310192	0.000729107	0.0019709	0.0025636	0.00205878	0.00122583	0.00168095	0.000561354	0.000141921	0	0	0	0
d2_23	8.71442e-06	0	0	4.83039e-05	7.84298e-05	0.000552951	0.000591543	0.0012362	0.00130635	0.00144399	0.00135291	0.00159256	0.00101897	0.000882335	0.000165574	0.000318076	0	0	0
d2_24	0	0	0	1.67585e-06	0.000174288	0	0.000611877	0.000237157	0.00137998	0.00152067	0.00197142	0.00223245	0.00111731	0.000785854	0.000585734	0.000305005	1.0893e-05	4.35721e-05	0
d2_25	0	0	0	0	8.71442e-05	0.000239647	0.000202299	0.00110103	0.00121504	0.00189642	0.00117396	0.00109366	0.00130281	0.000980373	0.00113288	0.000122002	3.48577e-05	0	0
d2_26	0	0	0	0	0	0	4.35721e-05	3.48577e-05	0.000144203	0.00125239	0.00141392	0.000702963	0.00138891	0.00168375	0.000923729	0.000579509	0.000130716	0	0.000130716
d2_27	0	0	0	0	3.48577e-05	0	4.97967e-05	0.000309362	0.000354802	0.000805047	0.00106503	0.00113536	0.00154432	0.00227197	0.000671011	0.000980373	0.000305005	0.00010893	0
d2_28	0	0	0	0	0	0	0.000196075	9.0049e-05	0.000252718	0.000840216	0.000446614	0.00168593	0.000681592	0.00170367	0.00123309	0.00142045	0.000535937	0	0
d2_29	0	0	0	0	0	2.17861e-05	0.000174288	8.71442e-05	2.17861e-05	0.000723297	0.000971658	0.000588224	0.000862728	0.00149452	0.00163831	0.000479293	0.000501079	0.000122002	0.000174288
d2_30	0	0	0	0	0	0	0.000130716	8.71442e-05	0.000130716	0.000784298	0.00109802	0.000622459	0.000940846	0.000993444	0.00189539	0.000727654	0.000740726	0.00071894	0
d2_31	0	0	0	0	0	0	0	0	0.000174288	0.000811894	0.000862728	0.00108059	0.00133766	0.00141609	0.00222218	0.00206968	0.000884514	8.71442e-05	0
d2_32	0	0	0	0	0	0	0	6.53582e-05	0.000130716	0	0.000427007	0.000457507	0.00127231	0.00120446	0.00132895	0.00175596	0.00104573	0.000305005	0
d2_33	0	0	0	0	0	0	0	0	0	0	0.000174288	0.000501079	0.00105445	0.00141174	0.00142917	0.000840942	0.00115466	0.000392149	0.000370363
d2_34	0	0	0	0	0	0	0	0	6.53582e-05	0.000130716	0	0.000361649	0.000897586	0.00150324	0.00206968	0.000762512	0.00132895	0.000753798	0.000174288
d2_35	0	0	0	0	0	0	0	0	0	0	0.000130716	0.000130716	0.000392149	0.000993444	0.00185181	0.00125488	0.00215682	0.00122002	0.000392149
d2_36	0	0	0	0	0	0	0	0	0	0	0	4.35721e-05	0.000740726	0.000174288	0.00101523	0.00106752	0.00176467	0.00176467	0.000784298
d2_37	0	0	0	0	0	0	0	0	0	0	0	0.000130716	6.53582e-05	0.000370363	0.00106752	0.0015381	0.00102394	0.00185181	0.000697154
d2_38	0	0	0	0	0	0	0	0	0	0	0	0	0	0.000174288	0.000653582	0.00071894	0.00126359	0.00217861	0.000631796
d2_39	0	0	0	0	0	0	0	0	0	0	0	0	0	0	0	0.0010893	0.0010893	0.0015686	0.00270147
d2_40	0	0	0	0	0	0	0	0	0	0	0	0	0	0	0.000130716	0.000392149	0.000653582	0.00305005	0.00274504
d2_41	0	0	0	0	0	0	0	0	0	0	0	0	0	0	0	0	0.000522865	0.000915014	0.00196075
