	d1_0	d1_1	d1_2	d1_3	d1_4	d1_5	d1_6	d1_7	d1_8	d1_9	d1_10	d1_11	d1_12	d1_13	d1_14	d1_15	d1_16	d1_17	d1_18	d1_19
d2_0	0	0.0389513	0.00800903	0.00157783	0.000517772	7.46645e-05	7.93141e-06	0	0	0	0	0	0	0	0	0	0	0	0	0
d2_1	0.0830901	0.0409163	0.0129457	0.00477065	0.00125338	0.00070256	7.08283e-05	4.72054e-07	0	0	0	0	0	0	0	0	0	0	0	0
d2_2	0.0419436	0.0315599	0.0163192	0.00718948	0.00254951	0.00112631	0.000417854	1.93018e-05	0	0	0	0	0	0	0	0	0	0	0	0
d2_3	0.0218341	0.0223372	0.0145374	0.00689374	0.00418296	0.00112725	0.000852272	0.000113777	1.0547e-05	0	4.3429e-05	0	0	0	0	0	0	0	0	0
d2_4	0.0117831	0.0178217	0.0156866	0.00788576	0.00379972	0.00208251	0.000907522	0.000333913	2.21488e-05	2.89527e-06	0	0	0	0	0	0	0	0	0	0
d2_5	0.00578442	0.0129636	0.0112781	0.00838975	0.0055114	0.00252109	0.000985733	0.000330196	2.62399e-05	2.60574e-05	1.11675e-05	0	0	0	0	0	0	0	0	0
d2_6	0.00371643	0.00893202	0.0105209	0.00943835	0.00610618	0.00440445	0.00188418	0.000887789	0.000186593	9.86617e-05	8.6858e-06	0	4.3429e-06	0	0	0	0	0	0	0
d2_7	0.00236314	0.00540123	0.0065674	0.00634181	0.00594158	0.00513206	0.00292973	0.00119937	0.000549509	0.00049908	0	0.000153449	0	4.3429e-06	0	0	0	0	0	0
d2_8	0.000666942	0.00253807	0.00389729	0.00751838	0.00699603	0.00392396	0.00352841	0.00145682	0.00085505	0.000250456	3.13215e-05	5.79053e-05	0.000173716	0	0	0	0	0	0	0
d2_9	0.000300792	0.00192091	0.00383474	0.00535363	0.00430793	0.0045116	0.00373387	0.00177432	0.000587917	0.000245571	3.07105e-05	2.60574e-05	0	0	0	0	0	0	0	0
d2_10	0.000113891	0.000933955	0.00320128	0.00524175	0.00465299	0.00567046	0.0043463	0.00260898	0.00157327	0.000728898	0.000244123	0.000305673	0.00019543	0	0	0	0	0	0	0
d2_11	0.000245949	0.00101378	0.00218464	0.00365868	0.00447209	0.00390652	0.00327907	0.00183543	0.00112315	0.00136338	0.000555167	6.11108e-05	4.3429e-05	4.3429e-05	0	0	6.51435e-06	0	0	0
d2_12	9.02277e-05	0.000248792	0.00127129	0.00247515	0.00337606	0.00314476	0.00385511	0.00242969	0.00163476	0.000765088	0.000385991	0.00021944	0.000110744	2.78152e-05	7.81722e-05	0	0	0	0	0
d2_13	2.33848e-05	0.000272973	0.00119689	0.00201071	0.00220793	0.00318897	0.0025827	0.00317834	0.00153369	0.00142341	0.000884814	1.30287e-05	0.000273603	0.00013463	0.000144763	0	0	0	0	0
d2_14	1.35363e-05	0.000165444	0.000694793	0.000975716	0.00206704	0.00252735	0.00344618	0.00288509	0.0022159	0.00194116	0.00107631	0.000155517	6.20414e-06	6.51435e-05	6.51435e-05	0	0	0	0	0
d2_15	6.20414e-06	4.92195e-05	0.00102863	0.000933343	0.00150139	0.00216061	0.00228626	0.00273634	0.00276149	0.0009896	0.00095107	0.000522906	0.00024041	5.64577e-05	1.30287e-05	6.20414e-06	2.79186e-05	0	0	0
d2_16	0	9.67846e-05	0.000331301	0.000349491	0.000828679	0.0017618	0.00204546	0.00297061	0.0031369	0.00189939	0.000766418	0.00111581	0.000356945	0.000273603	8.6858e-06	0	0	0	0	0
d2_17	0	1.9543e-05	2.78246e-05	0.000477415	0.000632838	0.00217205	0.00194974	0.00217426	0.00155462	0.00252438	0.00221705	0.00112005	0.000879437	8.6858e-05	0.000418779	0	0	0	0	0
d2_18	0	7.16578e-05	4.12575e-05	7.73609e-05	0.000590609	0.00094121	0.00202072	0.00174891	0.00238965	0.00275887	0.00178658	0.000972593	0.000416918	0.000499433	0.00019543	0.000152001	0	0	0	0
d2_19	0	0	2.17145e-05	0	0.000299572	0.000637466	0.000928844	0.00209802	0.00217661	0.00309089	0.00180416	0.000915437	0.000796198	0.00023524	0.000388379	6.51435e-05	0	0	0	0
d2_20	0	0	0	0.000280314	0.000145332	0.000542749	0.00151003	0.00223349	0.00189732	0.00201728	0.00237215	0.001784	0.00123555	0.000458693	0.000243935	0.000304003	0	0	0	0
d2_21	0	0	5.64577e-05	9.88526e-05	0.000559303	0.000642025	0.00055465	0.00150473	0.00180768	0.00208707	0.00212904	0.0018357	0.00151753	0.00123049	0.000358486	0	0.00019543	0	0	0
d2_22	0	0	0	1.48899e-05	9.77152e-05	0.000304003	0.00016398	0.000810261	0.000924113	0.00175598	0.00310238	0.0017839	0.0014346	0.000627239	0.000673149	0.000222935	0	0	0	0
d2_23	0	0	0	0	6.51435e-05	0.000366665	0.000438195	0.000732916	0.00081357	0.00146542	0.00213888	0.00154359	0.00080964	0.00129562	0.000621034	0.000251888	8.6858e-06	0	1.08572e-05	0
d2_24	0	0	0	0	0	0.000351775	4.3429e-05	0.000922365	0.000700128	0.00165868	0.00154348	0.000962779	0.00162455	0.00123711	0.0011639	0.000516495	0.000173716	0	4.3429e-05	0
d2_25	0	0	0	0	0	0	0.000225831	0.00014952	0.00086858	0.000344847	0.00187231	0.00248817	0.00156303	0.0012613	0.00102679	0.000451661	9.98867e-05	0.00019543	0	0
d2_26	0	0	0	0	0	3.47432e-05	0	0.000202669	0.000160687	0.000418779	0.000535314	0.0016807	0.00135891	0.00131093	0.00131776	0.000651435	0.000282288	0.000447318	0	0
d2_27	0	0	0	0	1.30287e-05	0	4.3429e-05	6.51435e-05	8.00334e-05	0.000787926	0.00123959	0.000990181	0.00131528	0.00160212	0.00140462	0.00112915	0.000499433	0.00043429	0	0
d2_28	0	0	0	0	0	0.00019543	4.3429e-05	0.000130287	0.000144763	0.000393756	0.000912009	0.000692692	0.00204116	0.000964123	0.00131342	0.0010181	0.000751321	0.000456004	0	0
d2_29	0	0	0	0	0	4.3429e-05	0	0	0.000152001	0.000217145	0.000673149	0.000781722	0.000938066	0.0017111	0.00115521	0.00118561	0.000803436	0.000173716	0	0
d2_30	0	0	0	0	0	6.51435e-05	6.20414e-06	8.6858e-05	4.3429e-05	0.000369146	0.000781722	0.000647092	0.000651435	0.00135685	0.00133947	0.00156344	0.00112698	0.000534176	0.000260574	8.6858e-06
d2_31	0	0	0	0	0	0	0	0.000130287	0.000173716	0	0.000390861	0.00102058	0.00126957	0.00225396	0.00209762	0.00128115	0.00136801	0.000912009	1.30287e-05	0
d2_32	0	0	0	0	0	0	2.17145e-05	0	0	0	4.3429e-05	0.000369146	0.000555891	0.00189971	0.00164162	0.0013463	0.00114218	0.000469033	0.00043429	4.3429e-05
d2_33	0	0	0	0	0	0	0	0.000130287	0	0	0	0.000130287	0.000521148	0.0011639	0.0011335	0.00186745	0.00170676	0.000347432	0.000282288	2.17145e-05
d2_34	0	0	0	0	0	0	0	0	0.00019543	0	0.000130287	0.000130287	0.000369146	0.00118561	0.00139407	0.00125075	0.000673149	0.0010423	0.00108572	0.000564577
d2_35	0	0	0	0	0	0	0	0	0	0	0	0	0.000130287	0.000304003	0.0011943	0.00102058	0.00198905	0.00186745	0.00167202	0.000317032
d2_36	0	0	0	0	0	0	0	0	0	0	0	4.3429e-05	0	0	0.000412575	0.00128115	0.00167202	0.00171544	0.00183705	0.000369146
d2_37	0	0	0	0	0	0	0	0	0	0	0	0	0	0.000108572	0.000390861	0.000304003	0.0010119	0.00206288	0.0019543	0.000890294
d2_38	0	0	0	0	0	0	0	0	0	0	0	0	0	0.000304003	4.3429e-05	0.000651435	0.000369146	0.00121601	0.00154173	0.00147659
d2_39	0	0	0	0	0	0	0	0	0	0	0	0	0	0	0.000260574	0.000260574	0.000998867	0.000825151	0.00182402	0.00225831
d2_40	0	0	0	0	0	0	0	0	0	0	0	0	0	0	0.000173716	0.000260574	0.000521148	0.000260574	0.00208459	0.00364803
d2_41	0	0	0	0	0	0	0	0	0	0	0	0	0	0	0	0	0.000130287	0.000130287	0.00169373	0.00143316
