	d2_0	d2_1	d2_2	d2_3	d2_4	d2_5	d2_6	d2_7	d2_8	d2_9	d2_10	d2_11	d2_12	d2_13	d2_14	d2_15	d2_16	d2_17	d2_18	d2_19	d2_20	d2_21	d2_22	d2_23	d2_24	d2_25	d2_26	d2_27	d2_28	d2_29	d2_30	d2_31	d2_32	d2_33	d2_34	d2_35	d2_36	d2_37	d2_38	d2_39	d2_40	d2_41
d3_0	0	0.0942992	0.0734843	0.0602364	0.0457013	0.0336975	0.0271537	0.0257035	0.0192491	0.0172134	0.0139887	0.0114141	0.0102736	0.00801739	0.00839464	0.00685682	0.0048762	0.0041821	0.00355538	0.00406733	0.00403431	0.00245794	0.0024215	0.00193809	0.00153672	0.00187134	0.00114327	0.00138949	0.000389927	0.000715856	0.000127007	0.000431493	0.000277106	0.000360237	0.000508027	4.61843e-05	0.000221685	2.30921e-05	0	0	0	0
d3_1	0.00657891	0.00144707	0.00185967	0.00158073	0.00156162	0.00173569	0.00219934	0.00171561	0.00114837	0.00135077	0.000987141	0.000706031	0.00112559	0.000771294	0.000719062	0.000521772	0.000393986	0.000630955	0.000198053	0.000258632	0.000788751	0.000360237	0.000996921	0.000475698	0.000283703	0.000106224	0.000369474	0.000415658	2.96899e-05	1.38553e-05	0.000244777	0	0.000254014	0	0.000277106	0	0.000138553	0	0.000138553	0	0	0
d3_2	0.0058556	0.00182593	0.00224143	0.00163839	0.00166612	0.0009728	0.00115382	0.00133678	0.00099672	0.000608841	0.000764328	0.00176937	0.000908845	0.000825526	0.000916896	0.00162681	0.000839124	0.000461843	0.000937668	0.00023554	0.000379481	6.92764e-05	0.00070398	0.000254014	0.000459863	0.000463822	0.000831317	0.000553002	0.00032329	0.000129316	0.000214427	0.000461843	0	0.000184737	0.000230921	0.000138553	4.61843e-05	0.0001755	4.61843e-05	0.000138553	0	0.000138553
d3_3	0.00484979	0.00164927	0.00142894	0.00142782	0.00162689	0.000940804	0.00136761	0.000768817	0.00106913	0.00103342	0.00109572	0.000744928	0.0011376	0.00137408	0.000373591	0.000566233	0.00136606	0.000305641	0.000492192	0.000569606	0.000332527	0.00043096	0.000327908	0.000246756	0.000314053	0.000254014	0.000267869	0.000688146	8.31317e-05	0.000138553	0	9.23685e-05	4.61843e-05	6.92764e-05	0.000392566	0.000531119	0	0	0.000138553	0	0	0.000138553
d3_4	0.00467375	0.00138962	0.00150276	0.00128037	0.00189703	0.00227564	0.00113237	0.000591952	0.000866932	0.00125573	0.00084515	0.000824716	0.00118894	0.00073355	0.000779894	0.000802747	0.000989113	0.00061634	0.000736704	0.000417391	0.000753463	0.000490533	0.000221685	0.000574791	0.000706619	0.000623048	0.000290961	0.00070431	0.000355289	0	7.85133e-05	0.000138553	0	0.000138553	0.000138553	0	0	0	0	0.000138553	0	0.000138553
d3_5	0.00338354	0.00203739	0.000817746	0.00108154	0.00141801	0.00169537	0.000809945	0.00118647	0.00100075	0.00109764	0.000814812	0.00131173	0.000604428	0.000657336	0.00128729	0.000449434	0.00138263	0.000861464	0.000533318	0.000466461	0.000392566	0.000863856	0.000491533	0.000392566	0.000577303	0.00023554	0.000715856	0	0.000277106	0.000152408	0	0.000115461	0.000138553	0.000138553	0.000184737	0.000277106	0.000184737	0.000138553	0.000138553	0	0	0
d3_6	0.00283986	0.000791573	0.00110233	0.00119535	0.00103948	0.000675461	0.00086722	0.000445757	0.000727069	0.000784265	0.00125739	0.00114482	0.000601782	0.000563204	0.000884657	0.000452606	0.000835073	0.000613151	0.000799538	0.000741468	0.000132165	0.000254014	0.000749395	0.000899824	0.000318012	0.000932263	0.000277106	0.000258632	0.000184737	0.000207829	0.000193974	0	6.00396e-05	0.000798988	0.000184737	0.000508027	0	0.00032329	0.000138553	0	0.000138553	0
d3_7	0.00296452	0.00100001	0.00071445	0.000802494	0.000881647	0.00126398	0.0015717	0.000641805	0.00067188	0.000438219	0.000265751	0.00102518	0.000386458	0.000601411	0.000958084	0.00073724	0.000425149	0.000287801	0.000874587	0.000340874	0.000702871	0.00041158	0.000706829	0.000665054	0.000946448	0.000443369	0.000623488	0.000508027	0.000452606	0.000355619	0.000461843	0	5.77303e-05	0.000415658	0.00014779	0.000475698	0.000277106	4.61843e-05	0	0	0	0
d3_8	0.00252511	0.000435597	0.00139832	0.00062453	0.00118911	0.000986395	0.000913232	0.00103335	0.000424588	0.000610371	0.000371593	0.000809583	0.000635294	0.000638075	0.000658759	0.000301974	0.000162981	0.000170559	0.000371783	0.000973828	0.000399164	0.00107609	0.000544974	0.000600396	0.000300198	0.000747416	0.000914449	4.61843e-05	0.000184737	0.000277106	0.00049879	0.000230921	0.00032329	0	4.61843e-05	0.000277106	0	4.61843e-05	0.000138553	0	0.000184737	0
d3_9	0.00238371	0.000950665	0.000883402	0.000468384	0.00101895	0.000923678	0.000677875	0.000697281	0.00109105	0.000941757	0.000379611	0.000791399	0.000751821	0.00057699	0.000475698	0.000640312	0.000756406	0.000758412	0.000620729	0.000786782	0.000505388	0.00116669	0.000346712	0.000228282	0.000653178	0.000177277	0.000255223	0.000392566	0.000406092	0.000228612	0.000230921	0.000198592	4.61843e-05	0.000207829	0.000184737	0.000207829	0	0.000138553	0.000207829	0.000415658	2.30921e-05	0
d3_10	0.00200562	0.000435089	0.00087572	0.0005707	0.000778	0.00080487	0.000531653	0.000373032	0.00060467	0.000807493	0.000367313	0.000651758	0.000612976	0.000415203	0.000609869	0.000452606	0.000749175	0.000174401	0.000549263	0.000148899	0.000335046	0.000563658	0.00038267	0.000537717	0.000190895	0.000572685	0.000284033	0.000332527	0.000254014	0.000254014	0.000254014	0.000106224	0.000383329	0.000207829	0.000207829	0.000184737	0	0.000184737	0	0.000138553	0	0.000415658
d3_11	0.0012768	0.000418785	0.00149172	0.000725413	0.000785859	0.000321905	0.000741647	0.000353348	0.000503765	0.000356675	0.000549693	0.000472078	0.000651188	0.000985704	0.000444909	0.000365186	0.000267336	0.000614251	0.000364856	0.000496921	0.00067429	0.000489553	0.000484935	0.00032329	0.000461843	0.000242467	0.000277106	0.000415658	0.000230921	0.000277106	0.000138553	0	0.000277106	0.000415658	0.000221685	0.000193974	0.000277106	0.000277106	8.31317e-05	4.61843e-05	0.000277106	0.000277106
d3_12	0.00128739	0.000776933	0.000531277	0.000744831	0.00046036	0.000307062	0.00119408	0.000247543	0.000102497	0.000731625	0.000417408	0.00101518	0.000595777	0.000258632	0.000260948	0.0015126	0.000834046	0.000247416	0.000532769	0.000413559	0.00125357	0.000591159	0.000719815	0	0.000254014	6.92764e-05	0.000328238	0.000444249	0.000214427	0.00032329	0.000184737	0.000161645	0.000138553	0.000115461	0.000138553	0.000360237	0.000237519	0.000277106	0	0.00032329	0	0
d3_13	0.00121029	0.000483261	0.000438137	0.0003909	0.000504969	0.000952473	0.000875393	0.000514872	0.00071341	0.000302161	0.000348626	0.00111407	0.000497471	0.000536929	0.000826744	0.00064592	0.000486171	0.000905212	0.000464362	0.000461843	0.00055817	0.000445348	4.61843e-05	0.000752804	0.000211678	0.000314053	0.000461843	0.000508027	0.000242467	2.30921e-05	0.000360237	6.92764e-05	0.000152408	0.000254014	6.92764e-05	0.000544974	0.000277106	0.000138553	0.000184737	0	0	0
d3_14	0.00086843	0.000511077	0.000308946	0.000577763	0.000780774	0.000516608	0.00117746	0.000386071	0.00094375	0.000383599	0.000349367	0.000536405	0.00029535	0.000298099	0.000504744	0.000626751	0.000694304	0.000457224	0.000898808	0.000715856	0.00023554	1.38553e-05	0.000715856	0.000531119	0.000523405	0.000475698	0.0002835	0.000494172	0.000221685	4.61843e-05	0.00049879	0.000706619	0.000415658	0.000138553	1.38553e-05	0.000138553	0.000230921	0.000184737	0.000184737	0.000138553	0	0.000138553
d3_15	0.00098709	0.000551588	0.000698597	0.000480278	0.000670748	0.000464102	0.000915017	0.000469547	0.000534824	0.000570187	4.22167e-05	0.000253868	0.000384969	0.000613481	0.000134374	0.000664934	0.000142611	0.00050066	0.000519573	0.000590829	0.000830217	0.000434132	0.000184737	0.000484935	0.000521882	0.000854409	9.23685e-05	0.000671211	0.00029294	0.000221685	0.000605014	0.000184737	0.000329888	0.000138553	0.000406422	0.000369474	0.000161645	0.000138553	4.61843e-05	4.61843e-05	0.000138553	0.000138553
d3_16	0.00102882	0.000414307	0.000481305	0.00024167	0.00034842	0.000370603	0.000327423	0.000579455	0.000492317	0.000125745	0.00033064	0.000325269	0.000490948	0.000316242	0.00102967	0.000588054	0.000609396	0.000762041	0.000835154	0.000434132	0.000618539	0.000542335	0.000281724	0.00032329	0.000307895	0.00070431	0.000142402	0.000443369	0.00014779	0.000623488	0.000254014	0	0.000392566	0.000369474	9.23685e-06	0.000277106	0.00112228	0.000484935	0.000138553	0.000138553	0.000138553	0.000138553
d3_17	0.000830924	0.000145013	0.00033586	0.000411994	0.000253283	0.000112993	0.00073466	0.000676748	0.000101276	0.000180201	0.000110849	0.000308545	0.000438346	0.000460224	0.000634704	0.000443276	0.000534968	0.000427205	0.000114928	0.000144151	0.000394106	0.000300198	0.000390257	0.000237519	0.000138553	0.000902903	0.000337145	9.23685e-05	0.000914449	0.000277106	0.000184737	0.000369474	0.000429514	0.000277106	7.38948e-05	0.000138553	0.000230921	0.000461843	0.00032329	0.000138553	2.30921e-05	0.000184737
d3_18	0.000742446	0.000177088	0.00052535	0.000363531	0.000437566	0.000189234	0.000556171	0.000473719	0.000289971	0.000218936	0.000943936	0.000225743	0.000356059	0.000736099	0.000564098	0.000738948	0.000729482	0.000454145	0.000348691	0.000421816	0.00014669	0.000369474	0.000346382	0.000884099	0.000267869	0.000360237	0.00103453	0.00070431	0.00014779	0.000337145	0.000762041	0.000152408	0.000254014	0.00032329	0.000184737	0.000138553	0	0.000207829	0.000461843	0.000992962	0	0.000415658
d3_19	0.000261663	0.000148499	0.000228823	0.000459587	0.00018997	0.000376807	0.000108102	0.000445348	6.92764e-05	0.000341489	0.000214764	0.000625027	0.000160105	0.000370684	0.000482066	0.000516544	0.000369914	0.000371454	0.000447548	0.00101177	0.000419507	0.000254014	0.000277106	0.000115461	2.30921e-05	0.000508027	0.000260611	0.000360237	0.000484935	0.000461843	0	0	0.000600396	4.61843e-05	0.000531119	0.000606993	0.000277106	6.92764e-05	0.00032329	0.000138553	0	0.000554211
d3_20	0.000725995	0.000208038	0.000599228	0.000232119	0.000158761	0.000371609	0.000263443	0.000958634	0.000671541	0.000776898	0.00109587	0.000232011	0.000847032	0.000692434	0.00149867	0.000949087	0.00178007	0.001521	0.00197141	0.00259984	0.00177348	0.00273103	0.0022439	0.00179657	0.00188894	0.00194436	0.00238806	0.00279151	0.00243853	0.00343534	0.00324675	0.00289806	0.00334374	0.00434792	0.00417968	0.00329294	0.00300198	0.00465537	0.00517264	0.00424895	0.00374093	0.00364856
