	d0_0	d0_1	d0_2	d0_3	d0_4	d0_5	d0_6	d0_7	d0_8	d0_9	d0_10	d0_11	d0_12	d0_13	d0_14	d0_15	d0_16	d0_17	d0_18
d2_0	0	0.043042	0.00849253	0.00172933	0.000202795	9.60824e-05	5.55767e-05	7.677e-05	0	0	0	0	0	0	0	0	0	0	0
d2_1	0.100439	0.0427358	0.0144783	0.00470329	0.00162413	0.000654304	5.54258e-06	7.82747e-06	0	0	0	0	0	0	0	0	0	0	0
d2_2	0.0463622	0.0340783	0.0167887	0.0065346	0.00180362	0.000591599	0.000188195	5.06972e-06	0	0	0	0	0	0	0	0	0	0	0
d2_3	0.0255608	0.0251954	0.0154053	0.00604841	0.00327226	0.00128804	0.000274854	0.000181405	4.51319e-05	1.21673e-05	0	0	0	0	0	0	0	0	0
d2_4	0.0136351	0.0181015	0.0138448	0.00841568	0.00447077	0.00242909	0.000422715	0.000445387	0	0	0	0	0	0	0	0	0	0	0
d2_5	0.00643601	0.0112886	0.0115967	0.00716106	0.00362039	0.00196558	0.00126804	0.000579301	4.53229e-05	4.05577e-05	0	0	0	0	0	0	0	0	0
d2_6	0.00439219	0.00771124	0.0118815	0.00807678	0.0046587	0.00328593	0.00149937	0.000397024	0.00019174	2.17274e-06	0	0	0	0	0	0	0	0	0
d2_7	0.00189376	0.00527528	0.00701183	0.00567302	0.00600533	0.00390696	0.00207806	0.00103765	0.000258846	0.000168683	5.06972e-06	1.50643e-05	0	0	0	0	0	0	0
d2_8	0.00105197	0.00482817	0.00546336	0.00691307	0.0048551	0.0034856	0.0028416	0.0011641	0.000568605	0.000290365	7.12962e-06	0	0	0	0	0	0	0	0
d2_9	0.00107522	0.00215062	0.00423751	0.00463504	0.00439005	0.00363144	0.00209765	0.00170233	0.000421397	0.000254467	0.000195173	0.00018251	0	0	0	0	0	0	0
d2_10	0.000320624	0.0019081	0.00294051	0.00572718	0.0040245	0.00300581	0.00299756	0.00163457	0.00116888	0.000689912	6.4313e-05	4.05577e-05	0	0	0	0	0	0	0
d2_11	0.000370356	0.00109212	0.0016135	0.00302665	0.00447104	0.00346849	0.00353998	0.00244278	0.00100387	0.000535748	0.000289988	2.16308e-05	3.85298e-05	0	0	0	0	0	0
d2_12	2.57221e-05	0.000746773	0.00225814	0.00263728	0.00366196	0.00271797	0.00312459	0.00286868	0.00144927	0.00152007	0.000655683	0.000401522	1.35192e-05	3.24462e-05	0	0	0	0	0
d2_13	6.08366e-05	0.000932687	0.000903266	0.00190087	0.00305588	0.00275177	0.00433437	0.00194196	0.0020295	0.00100778	0.000828648	0.000391382	0	0	0	0	0	0	0
d2_14	0	0.000517746	0.000887866	0.00136217	0.00201184	0.00389667	0.00342945	0.00256011	0.00143108	0.000936898	0.000816258	0.000473768	3.04183e-05	5.79396e-06	0	0	0	0	0
d2_15	0	4.61734e-05	0.000481674	0.000810204	0.00226753	0.00215242	0.00281389	0.00223826	0.00174798	0.00175137	0.000866993	0.000486693	4.22349e-05	0.00024914	0	0	0	0	0
d2_16	0	0	0.000240628	0.000435534	0.00159478	0.0032942	0.00267916	0.00307634	0.00272897	0.00131455	0.00133011	0.000323496	0.000350535	0	0	0	0	0	0
d2_17	0	0.000197767	7.05081e-05	0.000147673	0.0012677	0.00158339	0.0017761	0.00171367	0.00209318	0.00176988	0.00116869	0.000590115	0.00073399	0.000235235	0.000133841	0	0	0	0
d2_18	0	0	0.000294333	0.000631252	0.000537324	0.00134409	0.00176504	0.00214966	0.00186301	0.00142938	0.00113533	0.00124715	0.00104784	0.00024914	0.000162231	0	0	0	0
d2_19	0	0	6.21885e-05	0.000107188	0.000892795	0.000872571	0.0013304	0.00298904	0.00162376	0.00250713	0.0013072	0.000397466	0.000754374	0.000353037	0.000255514	0	0	0	0
d2_20	0	0	0	0.00018251	0.000211673	0.00038381	0.00134236	0.00168179	0.00195046	0.00181794	0.0018343	0.00084389	0.000765575	0.000397466	7.30039e-05	0	0	0	0
d2_21	0	0	0	0	9.78126e-05	0.000294719	0.000812111	0.000898837	0.0014821	0.00180521	0.00183543	0.00106899	0.00117066	0.00032649	0.000101394	0.000170342	0	0	0
d2_22	0	0	0	4.63517e-05	0.00028796	0.000415427	0.000700683	0.000540383	0.00105082	0.00201282	0.00153809	0.00200924	0.000999748	0.00039341	0.000626617	0.000107188	0	0	0
d2_23	0	0	0	0	0.00018251	0.000458302	0.00114981	0.000985553	0.000820908	0.00112758	0.00146529	0.00162192	0.000906176	0.00124821	0.000423539	0.000304183	0.000121673	0	0
d2_24	0	0	0	3.04183e-05	0.00018251	0.000243346	0.000597937	0.000696033	0.00082506	0.00132654	0.00194986	0.00106976	0.00189578	0.00120862	0.00070976	8.11155e-05	2.02789e-05	0	0
d2_25	0	0	0	0	0	1.21673e-05	0.000190621	0.00024914	0.00103519	0.00111273	0.00228311	0.00214319	0.00135463	0.00154525	0.000579976	8.11155e-05	0	0	0
d2_26	0	0	0	0	0	0.000162231	6.08366e-05	0.000255514	0.000609042	0.00132015	0.00122455	0.00155655	0.00148441	0.0010545	0.000896616	0.000377187	0.000121673	4.05577e-05	0
d2_27	0	0	0	0	0	0	0	0.000417745	0.000304183	0.000790876	0.00105479	0.00131986	0.00188188	0.00151686	0.000721928	0.000438023	0.000304183	0.000356908	0
d2_28	0	0	0	0	6.08366e-05	0	7.30039e-05	0.000202789	0.000373131	0.00068137	0.00117212	0.00111534	0.00214145	0.00125729	0.0016507	0.000567808	0.000283904	0.000405577	4.05577e-05
d2_29	0	0	0	0	0	0	8.11155e-05	0.000243346	0.00018251	0.000677314	0.000790876	0.00147022	0.00146587	0.000914577	0.00163448	0.00104639	0.000829116	0.000304183	0
d2_30	0	0	0	0	0	0	0	0	4.05577e-05	2.60728e-05	0.000446135	0.000669203	0.00141952	0.00110723	0.00133841	0.000916605	0.000202789	0.00036502	0.000121673
d2_31	0	0	0	0	0	0	0	0	6.08366e-05	0.000304183	0.00101742	0.000598226	0.00131001	0.000608366	0.00114778	0.00174398	0.000567808	0.000486693	3.24462e-05
d2_32	0	0	0	0	0	0	0	0.000162231	0	0	0.000121673	0.000340685	0.000790876	0.000958901	0.00109506	0.0010545	0.000865618	0.000324462	0.000243346
d2_33	0	0	0	0	0	0	0	0	0	0	0.000154119	0.000304183	0.00113562	0.000843601	0.00119645	0.00189173	0.00107884	0.00133841	0.000162231
d2_34	0	0	0	0	0	0	0	0	0	0	0	0.000397466	0.000425856	0.000701649	0.00135868	0.000912549	0.00110723	0.000689481	0.00036502
d2_35	0	0	0	0	0	0	0	0	0	6.08366e-05	0	4.05577e-05	0.000243346	0.000851712	0.00118834	0.00139924	0.00219012	0.000689481	0.000486693
d2_36	0	0	0	0	0	0	0	0	0	0	0	0	0.000478581	0.000344741	0.00036502	0.00089227	0.00208872	0.00154119	0.000648924
d2_37	0	0	0	0	0	0	0	0	0	0	0	0.000283904	4.05577e-05	0.000405577	0.000730039	0.000973385	0.00170342	0.00178454	0.000730039
d2_38	0	0	0	0	0	0	0	0	0	0	0	0	7.30039e-05	0.000121673	0.000405577	0.000608366	0.00206844	0.00186566	0.00170342
d2_39	0	0	0	0	0	0	0	0	0	0	0	0	0.000162231	0.000121673	0.000121673	0.00052725	0.00141952	0.002109	0.00253486
d2_40	0	0	0	0	0	0	0	0	0	0	0	0	0	0.000121673	0.000121673	0.000121673	0.000993664	0.00178454	0.00247402
d2_41	0	0	0	0	0	0	0	0	0	0	0	0	0	0	0	0	0.000243346	0.00109506	0.00125729
