	d2_0	d2_1	d2_2	d2_3	d2_4	d2_5	d2_6	d2_7	d2_8	d2_9	d2_10	d2_11	d2_12	d2_13	d2_14	d2_15	d2_16	d2_17	d2_18	d2_19	d2_20	d2_21	d2_22	d2_23	d2_24	d2_25	d2_26	d2_27	d2_28	d2_29	d2_30	d2_31	d2_32	d2_33	d2_34	d2_35	d2_36	d2_37	d2_38	d2_39	d2_40	d2_41
d3_0	0	0.0488521	0.0280978	0.0148865	0.00972735	0.00602346	0.00360436	0.00153928	0.00126283	0.00102892	0.000422777	0.000388466	5.44019e-05	2.9051e-05	0	0	0	5.23871e-05	0	0	0	0	0	0	0	0	0	0	0	0	0	0	0	0	0	0	0	0	0	0	0	0
d3_1	0.0212151	0.0283759	0.0243102	0.0222595	0.0158427	0.0120363	0.00802735	0.00557561	0.00343791	0.00292963	0.00155199	0.000710766	0.000670465	0.000188227	9.34236e-05	1.3471e-05	0	2.35742e-05	0	0	0	0	0	0	0	0	0	0	0	0	0	0	0	0	0	0	0	0	0	0	0	0
d3_2	0.005567	0.0100132	0.0139529	0.0174701	0.0150119	0.0136768	0.00962211	0.00803581	0.00596417	0.00404504	0.00384218	0.00186508	0.00115305	0.000786429	0.000806518	0.000744832	0.000164645	0.000144064	0	0	0	0	0	0	0	0	0	0	0	0	0	0	0	0	0	0	0	0	0	0	0	0
d3_3	0.00169722	0.00386465	0.0061998	0.00831825	0.0101119	0.0100453	0.00745406	0.008118	0.00618744	0.00542685	0.00410693	0.0035698	0.00175979	0.00245938	0.000730229	0.000864504	0.000516122	0.000483638	0.000320173	0.000115534	0.000209548	7.85806e-05	0	0	0	0	0	0	0	0	0	0	0	0	0	0	0	0	0	0	0	0
d3_4	0.000249944	0.00100118	0.00251435	0.00463336	0.00499833	0.00601214	0.0078952	0.00649521	0.00530961	0.00694658	0.00421797	0.00301659	0.0037406	0.00309403	0.00233171	0.00155641	0.00116184	0.000808025	0.000496679	0.000235742	0.000157161	5.23871e-05	0.000123004	2.23269e-05	0	0.000104774	0	0	0.000157161	0	0	0	0	0	0	0	0	0	0	0	0	0
d3_5	5.89044e-05	0.00057771	0.00109903	0.00162425	0.00304381	0.00313138	0.00473356	0.00653388	0.00497068	0.00586203	0.00432462	0.0046439	0.00359249	0.00318106	0.00313428	0.0021214	0.00243295	0.00161367	0.000521625	0.000438555	0.000679036	0.000449656	1.04774e-05	0.000178116	6.54838e-05	5.98709e-05	0	0	0	2.61935e-05	0	0	0	0	0	0	0	0	0	0	0	0
d3_6	2.15692e-07	0.000338916	0.000263637	0.00066876	0.000998061	0.00196681	0.0026679	0.00340789	0.00379746	0.00356884	0.004694	0.00394587	0.00373721	0.00355656	0.00348167	0.00249912	0.00258734	0.00136513	0.00158545	0.00135847	0.000417838	0.00132836	0.00103726	0.000356232	0.000408619	0	0.000209548	0	0.000157161	0	0	0	0	2.61935e-05	0	0	0	0	0	0	0	0
d3_7	0	0.000328024	6.21085e-05	0.000651632	0.000265888	0.000939332	0.00159135	0.0014595	0.00235887	0.00385146	0.00287573	0.00380686	0.00332077	0.00353712	0.00386838	0.00335968	0.0027238	0.00278575	0.00252041	0.00219663	0.00185346	0.00160365	0.00111795	0.00058898	0.00044529	0.000591974	0.000164645	0.000157161	0.000157161	0	0.000209548	0	0	0	0	0	0	0	0	0	0	0
d3_8	0	5.44578e-05	0.000551323	0.00031034	0.000102659	0.000206089	0.000274868	0.00150145	0.00117067	0.00189285	0.00130165	0.00309552	0.00271234	0.0015573	0.00241967	0.00168292	0.00325007	0.00292734	0.00233197	0.00217892	0.00188674	0.00200256	0.0013461	0.00121501	0.00110537	0.000906296	0.000733419	0.000424335	0.000191451	9.42967e-05	0.000157161	0	0	0	0	0	0	0	0	0	0	0
d3_9	0	0	4.36253e-09	3.92114e-05	6.55125e-05	8.7476e-06	0.000206439	0.000186586	0.000660259	0.00152673	0.000627289	0.00154216	0.000918744	0.00207233	0.00155939	0.00208642	0.00272562	0.00340578	0.00235526	0.00272824	0.00168885	0.00134248	0.00195688	0.00158009	0.00131404	0.00068889	0.00102591	0.00093249	0.000639122	0.000251458	0.000172877	5.23871e-05	0	0.000157161	0	0	0	0	5.23871e-05	0	0	0
d3_10	0	0	0	9.97849e-06	0	0	0.00013977	5.23871e-05	3.3455e-05	0.000193121	0.000247444	0.00106856	0.000455121	0.000749226	0.0021929	0.00189696	0.0027316	0.00267149	0.00206692	0.00345661	0.00182531	0.00242777	0.00289439	0.00246282	0.00164659	0.00141707	0.00144588	0.00127039	0.000259316	0.000508154	0.000419096	4.19096e-05	5.23871e-05	5.23871e-05	0	0	0	0	0	0	0	0
d3_11	0	0	0	0	0	0	0	9.97849e-06	0.000209548	7.25359e-06	0.000196315	0.000168138	0.000722567	0.000986374	0.00137393	0.001271	0.00128935	0.00158981	0.00183209	0.00247292	0.00165966	0.00150975	0.00274483	0.00206879	0.00261337	0.00191213	0.00133063	0.000303845	0.00107082	0.00048458	0.00056578	0.000539587	0.000916774	0.000419096	5.23871e-05	0	0	0	0	0	0	0
d3_12	0	0	0	0	0	0	0	0	0	0	7.85806e-05	0.000209548	7.33419e-05	6.28645e-05	0.000235742	0.000811625	0.00105647	0.00104425	0.00140123	0.000698993	0.00198771	0.00162924	0.0019483	0.00232474	0.00189117	0.00206143	0.00107955	0.00139225	0.000696748	0.00147208	0.00141445	0.000707225	0.000969161	0.000461006	0.000838193	5.23871e-05	0	0	0.000157161	0.000314322	0	0
d3_13	0	0	0	0	0	0	0	0	0	0	0	0.000257071	0	0.000282391	0.000273836	0.000238123	0.000570146	0.000316568	0.00046849	0.000953444	0.00102604	0.00153494	0.00177505	0.0013673	0.00206106	0.00184926	0.00191737	0.00190165	0.00151922	0.00136206	0.00117048	0.00137778	0.00152446	0.000471484	0.000628645	0.000471484	0.000314322	0	0.000314322	0	0.000157161	0
d3_14	0	0	0	0	0	1.3471e-05	0	0	0	0	0	0	0	0.00022751	0	0.000295613	0	0.00058898	0.000541333	0.000722941	0.00102441	0.000196826	0.00119181	0.000922012	0.00105298	0.00137179	0.000984877	0.00169959	0.00161352	0.00200642	0.00174449	0.00165019	0.000707225	0.00151922	0.000864386	0.000314322	0.000356232	0.000235742	0.000209548	0	0.000157161	0
d3_15	0	0	0	0	0	0	0	0	0	0	0	0	0	0	0	0	2.38123e-05	2.61935e-05	0.000130968	0.000100409	0.000615548	0.000429574	0.00046849	0.00040338	0.000523871	0.00121239	0.000948206	0.00143017	0.00140397	0.00124681	0.00206929	0.00137778	0.00204871	0.00161352	0.00180735	0.000853909	0.000576258	0.000995354	0	0	0.000209548	0
d3_16	0	0	0	0	0	0	0	0	0	0	0	0	5.98709e-05	0.000209548	1.57161e-05	0	0	0	0.000117871	0	3.36774e-05	9.42967e-05	0.000340516	0.000303845	0.000130968	0.0004872	0.000314322	0.00127301	0.000654838	0.000803268	0.000523871	0.00107393	0.00224217	0.000785806	0.000984877	0.00183355	0.000366709	0.000366709	0.000366709	7.85806e-05	0	5.23871e-05
d3_17	0	0	0	0	0	0	0	0	0	0	0	0	0	0	0	0	0	0	0	0	0	0.000157161	7.85806e-05	0.000157161	0.000209548	0.000157161	0.000340516	0.000340516	0.00141445	0.000314322	0.00110013	0.00103726	0.00150052	0.000880103	0.0020169	0.00117871	0.00167639	0.00172877	0.00110013	0.000733419	0.000157161	0.000157161
d3_18	0	0	0	0	0	0	0	0	0	0	0	0	0	0	0	0	0	0	0	0	0	0	7.85806e-05	5.23871e-05	0	2.61935e-05	0.000366709	0.000183355	1.04774e-05	0.000497677	0.000843432	0.000628645	0.000864386	0.00110013	0.00146684	0.00220026	0.00277651	0.00264555	0.00340516	0.001624	0.000209548	0.000314322
d3_19	0	0	0	0	0	0	0	0	0	0	0	0	0	0	0	0	0	0	0	0	0	0	0	0	0	0	0	0	0	0.000157161	0.000157161	0.000104774	0.000707225	0.000733419	0.000942967	0.00188593	0.00232075	0.00170258	0.00295987	0.00256697	0.00303845	0.00110013
d3_20	0	0	0	0	0	0	0	0	0	0	0	0	0	0	0	0	0	0	0	0	0	0	0	0	0	0	0	0	0	0	0.000157161	5.23871e-05	0.000157161	0.000157161	0.000366709	0.000523871	0.000785806	0.00115252	0.00110013	0.0028289	0.00314322	0.00188593
