	d2_0	d2_1	d2_2	d2_3	d2_4	d2_5	d2_6	d2_7	d2_8	d2_9	d2_10	d2_11	d2_12	d2_13	d2_14	d2_15	d2_16	d2_17	d2_18	d2_19	d2_20	d2_21	d2_22	d2_23	d2_24	d2_25	d2_26	d2_27	d2_28	d2_29	d2_30	d2_31	d2_32	d2_33	d2_34	d2_35	d2_36	d2_37	d2_38	d2_39	d2_40	d2_41
d3_0	0	0.105703	0.0437666	0.0219465	0.0119376	0.00608135	0.00261728	0.00171821	0.000673164	0.00046221	0.000182161	0.000249933	3.31444e-05	7.80133e-05	0	0	0	0	0	0	0	0	0	0	0	0	0	0	0	0	0	0	0	0	0	0	0	0	0	0	0	0
d3_1	0.0520318	0.0433105	0.0336371	0.0244422	0.0155863	0.0105597	0.00688444	0.00379413	0.00389682	0.00178905	0.00182433	0.00108944	0.000244524	0.00039093	0.000131296	0.000227706	4.90289e-05	5.6033e-06	0	0	0	0	0	0	0	0	0	0	0	0	0	0	0	0	0	0	0	0	0	0	0	0
d3_2	0.0108763	0.0162705	0.0165081	0.0155225	0.0124953	0.0104397	0.00803101	0.0071414	0.00476659	0.0029191	0.00228377	0.00109573	0.00152465	0.00126993	0.000477371	0.000325473	0.000599673	0.000219548	0.000277177	0	0	0	0	0	0	0	0	0	0	0	0	0	0	0	0	0	0	0	0	0	0	0
d3_3	0.00227794	0.00476829	0.00796	0.00749697	0.0100034	0.00821765	0.00742238	0.00609337	0.00498826	0.00551759	0.00335506	0.00308315	0.00161797	0.00198555	0.000892496	0.000863607	0.000794995	0.000343777	3.53008e-05	7.36919e-05	1.58675e-05	0.000215727	0	0	0	0	0	0	0	0	0	0	0	0	0	0	0	0	0	0	0	0
d3_4	0.000476645	0.00168972	0.00218461	0.00407574	0.00563831	0.00631217	0.00584095	0.00603968	0.00351823	0.00490164	0.00453688	0.00287624	0.00256738	0.00172394	0.00153098	0.0012773	0.001108	0.000361088	0.000580351	0.00035255	4.85763e-05	0.000201719	8.62909e-05	1.17669e-05	0.000117669	0	0	0.000117669	0	0	0	0	0	0	0	0	0	0	0	0	0	0
d3_5	9.72301e-05	0.000562734	0.00116935	0.00109639	0.00225846	0.00360391	0.00450255	0.00346228	0.00432527	0.00404499	0.00423491	0.00346503	0.00324486	0.003617	0.00230686	0.00299607	0.0015987	0.000382321	0.000677104	0.000630844	0.000366634	4.54478e-05	0.000199936	5.6033e-06	0	0	0	1.17669e-05	0	0	0	0	0	0	0	0	0	0	0	0	0	0
d3_6	1.10943e-05	9.00402e-05	0.000423951	0.000579775	0.00120534	0.00198038	0.00159286	0.00318821	0.00278075	0.00321057	0.00249447	0.00341697	0.00233104	0.00282779	0.00259962	0.00189634	0.00174806	0.00116826	0.00107209	0.00113339	0.000485806	0.000677437	0.000220108	0.000368977	3.62432e-05	0.00025495	0	7.06016e-05	0.000142884	0	0	0	0	0	0	0	0	0	0	0	0	0
d3_7	0	2.10124e-06	6.06175e-06	0.000104499	0.000398506	0.000661154	0.00133602	0.000767604	0.00178041	0.00251653	0.00195144	0.00250407	0.00214634	0.00256479	0.0027831	0.00295865	0.00281741	0.00180207	0.00150243	0.00129036	0.00148926	0.000624395	0.000184349	0.000326859	0.000507137	0.000236366	0.000351047	4.20248e-06	2.74562e-05	1.96116e-05	0.000156892	0	0	0	0	0	0	0	0	0	0	0
d3_8	1.97764e-07	8.76752e-06	5.41653e-06	5.24026e-05	3.85953e-05	0.000143545	0.000709483	0.000942563	0.00122013	0.000782545	0.00127716	0.0014024	0.00196759	0.0018131	0.0022122	0.00230945	0.00237787	0.00203967	0.00139859	0.00138839	0.00134593	0.00174506	0.000839468	0.000758967	0.000247106	0.000502056	0.000405399	0.000345163	0.000333397	3.92231e-05	0	0.000274562	0.000176504	0	0.000117669	0	0	0	0	0	0	0
d3_9	0	0	2.74562e-05	1.04595e-05	8.8252e-05	6.65859e-05	0.000100571	0.000528468	0.000184607	0.000324145	0.000707098	0.00113398	0.000890658	0.00193309	0.00208798	0.00234649	0.00140667	0.0018973	0.00148907	0.0021386	0.00183769	0.00151018	0.000815187	0.00146153	0.000572284	0.00107051	0.000853103	0.000274562	0.000156892	0.000196116	0.000188271	0	0	0.000188271	0	0	0	0	0	0	0	0
d3_10	0	0	0	0	0	0	3.00541e-05	0.000142115	0.000116735	0.00018751	0.000382799	0.000493371	0.000823537	0.000602641	0.00110012	0.000781848	0.00159675	0.00206332	0.00155074	0.00141146	0.00168174	0.00223001	0.00151439	0.0013135	0.00174608	0.00123656	0.000640458	0.000735153	0.00040792	0.000509901	0.000156892	0.000240942	3.92231e-05	0	0	0	0	0	0	0	0	0
d3_11	0	0	0	0	0	0	1.00859e-05	1.30744e-05	0.000207883	0.000176224	5.37773e-05	0.000198077	0.000529611	0.000512609	0.000372	0.00107854	0.00115026	0.00101457	0.00145172	0.000868792	0.000994306	0.00191428	0.00181258	0.001349	0.00135002	0.000803794	0.00137477	0.00130389	0.00105902	0.000337319	0.000590962	0.000333397	3.92231e-05	1.17669e-05	0.000353008	0	0	0	0	0	0	0
d3_12	0	0	0	0	0	0	0	0.000196116	7.06016e-05	0.000117669	0.000294173	6.37052e-05	0.000109825	0.00046414	0.000345817	0.000456949	0.000453027	0.000311544	0.000505978	0.00117744	0.0016823	0.00089849	0.00129371	0.000931269	0.00141932	0.00153923	0.00147619	0.0016017	0.00106883	0.000953122	0.00104464	0.000647181	0.000325552	0.000509901	0.000431454	0.000325552	3.92231e-05	0	0	0	0	0
d3_13	0	0	0	0	0	0	0	0	0	0	0	0.000156892	5.88347e-05	3.92231e-05	0.00022133	0.000392231	0.00028829	0.000340307	0.000297535	0.000366456	0.000418753	0.000996267	0.00103157	0.00104726	0.00135656	0.00174319	0.00175495	0.00123161	0.00109433	0.00138233	0.0011173	0.000745239	0.000843297	0.000588347	0	0.000509901	0.000215727	0.000117669	0	0	0	0
d3_14	0	0	0	0	0	0	0	0	0	0	0	1.96116e-05	0	0.000176504	0	7.62049e-05	0.000149048	4.66942e-05	0.000325552	0.00022133	0.000413804	0.000651104	0.000666793	0.000613562	0.000988423	0.000992345	0.000894287	0.00130613	0.00110609	0.00101196	0.00152186	0.000686405	0.000906054	0.000757006	0.00113747	0.000392231	0.000431454	0.000176504	0	0	0	0
d3_15	0	0	0	0	0	0	0	0	0	0	0	0	2.80165e-06	3.13785e-05	0	3.92231e-05	0	3.92231e-05	7.84462e-05	0.00025495	3.92231e-05	0	0.000286329	0.000535115	0.000156892	0.00104333	0.00155884	0.00149832	0.00112738	0.0012473	0.000960966	0.00220434	0.00140979	0.00171797	0.000807996	0.00121592	0.000757006	0.000353008	0.000117669	0.000176504	0.000117669	0
d3_16	0	0	0	0	0	0	0	0	0	0	0	0	0	6.53719e-06	0.000156892	0	0	0.000215727	3.92231e-05	0	0.000149048	0	0.000196116	0.000294173	0.000227494	0.000431454	0.000560891	0.000709938	0.000509901	0.00109367	0.000784462	0.00162776	0.00121592	0.000811919	0.000862909	0.000894287	0.00100019	0.000784462	0.000784462	0.000235339	0.000235339	0
d3_17	0	0	0	0	0	0	0	0	0	0	0	0	0	0	0	1.30744e-05	0	0	7.84462e-05	0	0.000117669	0	0	0	5.88347e-05	0.000451066	0.000345163	0.000274562	0.000549124	0.000568735	0.000745239	0.000823686	0.00123553	0.00117669	0.000913899	0.00113747	0.00141203	0.00172582	0.000980578	0.000862909	0.000333397	0.000117669
d3_18	0	0	0	0	0	0	0	0	0	0	0	0	0	0	0	0	0	0	0	0	0	0	0	0.000117669	0.000176504	0.000235339	0.000117669	0.000156892	0.000706016	0.000509901	0.000313785	0.000784462	0.000509901	0.00103941	0.00174543	0.00129436	0.00160815	0.000588347	0.000745239	0.000470677	0.00062757	0.000823686
d3_19	0	0	0	0	0	0	0	0	0	0	0	0	0	0	0	0	0	0	0	0	0	0	0	0	0	0	0.000117669	1.17669e-05	0.000176504	0	0.000549124	0.000235339	0.00025495	0.000902132	0.000490289	0.000588347	0.00088252	0.00154931	0.00133359	0.0020396	0.00133359	0.00129436
d3_20	0	0	0	0	0	0	0	0	0	0	0	0	0	0	0	0	0	0	0	0	0	0	0	0	0	0	0	0	0	0	0.000117669	0	0.000117669	0	0	0.000156892	0.000588347	0.00117669	0.00141203	0.00125514	0.00251028	0.00200038
