	d0_0	d0_1	d0_2	d0_3	d0_4	d0_5	d0_6	d0_7	d0_8	d0_9	d0_10	d0_11	d0_12	d0_13	d0_14	d0_15	d0_16	d0_17	d0_18
d2_0	0	0.0268745	0.0147125	0.0102639	0.00787464	0.00629231	0.0044804	0.00424628	0.00264469	0.00245939	0.000900496	0.00123149	0.000647366	0.000223374	0.000193406	0.000106753	0.000940521	6.6376e-05	2.98387e-05
d2_1	0.0710161	0.00485177	0.00404091	0.00310488	0.00286832	0.00252171	0.00225038	0.0012427	0.000715235	0.00127671	0.00088236	0.000760567	0.00024887	0.000452523	0.000351785	0.000131255	5.83898e-05	0.000276087	0.000219035
d2_2	0.052442	0.00500041	0.00372017	0.00326489	0.00201238	0.0018601	0.00212441	0.00162342	0.00154838	0.000513952	0.000501148	0.000258035	0.000718254	0.000117929	0.000347736	0.000322058	1.93226e-05	5.75567e-06	1.68543e-06
d2_3	0.0455579	0.00437146	0.00317617	0.00295835	0.00355801	0.00228343	0.00226956	0.00180714	0.0014233	0.000909726	0.000417654	0.0009402	0.000621689	0.000125372	2.57506e-05	0.000130613	7.91405e-06	0.000209517	2.26116e-05
d2_4	0.0325402	0.00436199	0.00277433	0.00278149	0.00230368	0.002175	0.00150832	0.00141616	0.00185419	0.000928748	0.000707445	0.000659296	0.000603688	0.000214319	0.000273235	3.34211e-05	1.56542e-06	6.90681e-05	9.49686e-06
d2_5	0.0234916	0.00390742	0.00276496	0.0022811	0.00279233	0.00225773	0.00194404	0.00146423	0.000821878	0.00091121	0.000915412	0.00107032	0.000459843	0.000471942	0.000147201	0.000207083	0.000369565	2.37421e-05	0.00035975
d2_6	0.0211538	0.00246437	0.00276142	0.00253689	0.00176331	0.00115883	0.00173944	0.00139215	0.00121503	0.000704414	0.000472753	0.000480937	0.000395785	9.0436e-05	0.000362267	0.000377959	0.000108977	1.18711e-05	8.36628e-05
d2_7	0.0187701	0.00321107	0.00206243	0.0022529	0.00198818	0.00189104	0.00152202	0.000676749	0.000993176	0.00147429	0.00118752	0.000767437	0.000450074	0.000504758	0.000482824	0.000237404	0.000101481	2.78296e-05	9.49686e-06
d2_8	0.0149236	0.00328372	0.00157078	0.00190504	0.00201924	0.00278482	0.00190773	0.00157908	0.00193138	0.000697355	0.000625745	0.000723819	0.000715239	0.000348331	0.000160026	0.000189598	5.00743e-05	4.72479e-05	0.000244335
d2_9	0.0122306	0.00256189	0.00263172	0.0031601	0.00206858	0.00154433	0.00171713	0.000968619	0.000933995	0.000492367	0.000936124	0.000548591	0.000199678	0.000389926	0	4.51101e-05	0.000118711	0	0.000356132
d2_10	0.0100341	0.00287869	0.00189137	0.00166595	0.00161794	0.00246693	0.00211485	0.00132408	0.000962337	0.000803804	0.000551666	0.000473544	0.000479239	0.000389324	0.000285923	0.00034213	3.3239e-05	0.000709551	0.000267947
d2_11	0.00761416	0.00172883	0.00183788	0.00251974	0.00149387	0.00193086	0.000956978	0.00107806	0.00112272	0.000956377	0.000519857	0.000398077	0.00123823	0.000723248	0.000872919	0.00033239	3.79874e-05	0.000175353	0.000362916
d2_12	0.00638436	0.000850478	0.00128155	0.00138219	0.00145696	0.00185768	0.00132322	0.000454517	0.00136483	0.00056231	0.00113477	0.00102703	0.000863936	0.00020113	0.000720178	0.000312633	0.000573882	0.000353974	0.000360089
d2_13	0.00509019	0.00170648	0.00126469	0.00111531	0.000960912	0.00160806	0.00095071	0.00165391	0.00105315	0.00103848	0.000670885	0.0013317	0.00052781	0.000198802	0.000320096	0.000589237	0.000189937	0.000206217	0.000358506
d2_14	0.00467125	0.00191526	0.00114418	0.00185157	0.00110152	0.00211582	0.00143321	0.0014121	0.00112003	0.000852286	0.00107836	0.000265364	0.00109892	0.00106455	0.00117039	0.000930353	0.000391406	0.000241378	0.000189937
d2_15	0.00507225	0.00106066	0.00171856	0.00159287	0.000998544	0.00104035	0.00186917	0.00123829	0.00134776	0.000879806	0.00125551	0.00103458	0.000358167	0.000522666	0.00080011	0.000348462	7.82094e-05	0.00033239	0.000356132
d2_16	0.00297459	0.000589408	0.000996924	0.0012047	0.00119364	0.000522969	0.00107675	0.000914232	0.00123844	0.00150988	0.00107788	0.000836073	0.000757077	0.000236969	0.00093544	0.000191633	0.000384623	0.000244205	0.000671563
d2_17	0.00225223	0.00187704	0.00124754	0.00116842	0.00019718	0.000826538	0.00144285	0.000841496	0.000611557	0.000457552	0.00068529	0.000598302	0.000738257	0.000908985	0.000329677	0.000341764	0.000315431	0.00083301	0.000339173
d2_18	0.00192629	0.000684374	0.00117217	0.00129823	0.00102351	0.000653577	0.00153284	0.000409469	0.000704011	0.00147631	0.00090954	0.000548783	0.000652118	0.000697341	0.000548443	0.000724351	7.12264e-05	0.000489088	0.000261164
d2_19	0.00204346	0.00127603	0.00142599	0.00103065	0.000627245	0.000572326	0.00161867	0.000569133	0.000296777	0.000562247	0.000451101	0.00103312	0.000631202	0.000546069	0.000174561	0.000591179	9.49686e-05	0.000403616	0.000842846
d2_20	0.00136882	0.000607891	0.000727459	0.000483764	0.000737833	0.00124643	0.00106477	0.0010053	0.00105493	0.000382804	0.000458008	0.000546624	0.00108943	0.000636505	0.000878572	0.000583378	0.00022589	0.000147201	0.00131057
d2_21	0.0024195	0.000454701	0.000286499	0.00141301	0.00108129	0.000729091	0.00122429	0.000583697	0.000243753	0.000416731	0.000835723	0.00039412	0.0004104	0.000783491	0.000498829	0.000296777	0.000440926	0.000662406	0.000662067
d2_22	0.00116138	0.000629863	0.000239888	0.000747538	0.000396398	0.00097111	0.000569811	0.000949007	0.000586431	0.000474843	0.000275409	0.000220011	0.000965514	2.37421e-05	0.000541321	0.000712264	0.000702767	0.000617296	0.00072651
d2_23	0.000423288	0.000648274	8.88634e-05	0.000870997	0.00057863	0.000476313	0.000620914	0.000503333	0.000949686	0.0011629	0.000788239	0.000128208	0.00115783	0.000624079	0.000484001	0.000923569	0.000498585	0.000465346	0.000863875
d2_24	0.000348026	0.00113612	0.000254041	0.000362916	0.000647143	0.000701959	0.000631541	0.000417862	0.000863875	0.00024217	0.000299151	0.000533859	0.000925944	0.000465346	7.12264e-05	0.000339173	0.000474843	0.00132006	0.00118439
d2_25	0.000751808	0.000254257	0.000356132	0.000246918	0.000783491	0.000410739	0.000391406	0.000645786	0.000788239	0.00104669	0.00060305	0.000535894	0.000641038	0.000237421	0.000951269	0.000688522	0.000427359	7.12264e-05	0.00118711
d2_26	0.000459467	0.000464894	7.80099e-05	0.000408365	0.000830975	0.000353419	0.00025845	0.000878798	0.000628828	0.000619886	0.000949686	0.000859805	0.00102091	0.000584057	0.000465346	0.000441604	0.000854717	0.000529111	0.00170943
d2_27	0.000521988	0.000136337	0.000212888	0.000641038	0.00064443	0.000584057	0.000783491	0.00015195	0.000878459	0.000861501	0.000584057	0.000695306	0.000802484	0.00109214	0.00027066	0.000700393	0.000448387	0.000925944	0.00102091
d2_28	0.00032685	6.17296e-05	0.000263538	0.000403616	0.000216393	0.00018044	0.000276992	0.00109317	0.000569811	0.000546069	0.00074279	0.00108264	0.000299151	0.000792988	0.000308648	0.000655283	0.000584057	0.000963931	0.000584057
d2_29	0.000468512	0.000434142	0.000403616	0.000362916	0.000557601	0.000118711	0.000783491	0.000805074	0.000944937	0.000379874	0.000759749	1.42453e-05	0.000455849	0.000546069	0.00084522	0.00051283	0.000773994	8.54717e-05	0.0015195
d2_30	0.000451101	1.42453e-05	2.5325e-05	0.000356132	0.000631541	0.000622044	0.000840472	0.000375126	0.000149236	0.000451101	0.000527076	0.000546069	0.000118711	0.000871337	0.000631541	0.0010684	0.00099717	0.000189937	0.00144827
d2_31	0.000172978	0.000629167	4.74843e-05	1.42453e-05	4.74843e-05	0.000227925	9.49686e-05	0.000289654	0.000384623	0.000346635	0.000465346	0.000284906	0.000830975	0.000617296	0.000641038	0.000189937	0.000736006	0.000641038	0.00213679
d2_32	0.000237421	4.74843e-05	0	0.000118711	0	0.000249292	2.76992e-05	0.000284906	0.000284906	9.49686e-06	0.000166195	0.000156698	0.000631541	0.000251667	0.00066478	0.00113962	0.000973428	0.000759749	0.00223176
d2_33	0.000213679	8.54717e-05	3.56132e-05	2.37421e-05	4.74843e-05	0.000142453	0.000403616	0.000486714	0.000356132	0.000189937	0.000759749	0.000427359	0.000925944	0.00099717	0.00057456	0.000427359	0.000189937	0.00111588	0.00156698
d2_34	3.79874e-05	8.70545e-05	0	0.000142453	0.000227925	0.000381701	2.37421e-05	0.000166195	0.000641038	0.000607799	0.000284906	0.000156698	0.000498585	0.000655283	0.000356132	0.000474843	0.000142453	0.000641038	0.00213679
d2_35	0	0	4.74843e-05	0.000142453	0.000142453	7.12264e-05	0	4.74843e-05	0	9.49686e-05	0	0.000356132	0.000498585	0.000441604	0.00033239	0.000679025	0.000166195	0.000617296	0.00263538
d2_36	0.000142453	4.74843e-05	0.000142453	2.37421e-05	0	0.000142453	0.000142453	0.000617296	0.000166195	0.000142453	0.000189937	0.000284906	0.000712264	0.000451101	0.000641038	0.000417862	0.00066478	0.00066478	0.00189937
d2_37	0	0	0	0	2.37421e-05	2.37421e-05	0.000213679	0.00033239	0.000284906	2.37421e-05	0.000474843	0.000284906	0.000370377	0.000617296	0.000403616	0.00033239	0.000237421	0.000830975	0.0028728
d2_38	0	0.000189937	4.74843e-05	0	0	0	0.000142453	0.000451101	0	0.000284906	0.000142453	0.000498585	2.37421e-05	0.000142453	0.000759749	0.000142453	0.000189937	0.000522327	0.00408365
d2_39	0	0	0	0.000213679	0.000142453	4.74843e-05	0.000391745	0	0	9.49686e-05	0.000560315	0.000261164	0.000641038	0.00033239	0.000118711	0.000427359	0.000617296	0.000902201	0.00327642
d2_40	0.000142453	0.000142453	0	8.54717e-05	0.000142453	0.000284906	9.49686e-05	0.000156698	0.000142453	0	0	0.000417862	0.000284906	0.000403616	0.000522327	0.00033239	0.00033239	0.000569811	0.00284906
d2_41	0	0	0.000427359	0	0	0	0.000189937	0.000142453	0	0.000284906	0.000189937	0.000569811	0	0.00033239	0.000427359	0.000284906	0.00132956	0.00142453	0.00365629
