	d2_0	d2_1	d2_2	d2_3	d2_4	d2_5	d2_6	d2_7	d2_8	d2_9	d2_10	d2_11	d2_12	d2_13	d2_14	d2_15	d2_16	d2_17	d2_18	d2_19	d2_20	d2_21	d2_22	d2_23	d2_24	d2_25	d2_26	d2_27	d2_28	d2_29	d2_30	d2_31	d2_32	d2_33	d2_34	d2_35	d2_36	d2_37	d2_38	d2_39	d2_40	d2_41
d3_0	0	0.0825619	0.0633031	0.0523919	0.041463	0.0359777	0.030759	0.0226961	0.0191369	0.0185165	0.0146202	0.0136097	0.0109253	0.00872964	0.00794783	0.00589466	0.00642169	0.00495297	0.00391102	0.00423288	0.00328483	0.00300562	0.00236731	0.00269966	0.00220991	0.0016888	0.0023582	0.00102257	0.00141043	0.000432936	0.00116072	0.000746628	0.000558973	0.00100526	0.000463592	0	4.87992e-05	0.000536791	0.000121998	4.87992e-05	0	0.000146398
d3_1	0.00910029	0.0018699	0.00172834	0.00138452	0.0014951	0.00107221	0.00118034	0.00127869	0.00172782	0.0011654	0.000845256	0.00142773	0.000476824	0.001415	0.00102214	0.000845086	0.000249573	0.00154008	0.00088954	0.0005156	0.00100235	0.000726168	0.000361114	0.000501639	0.000460212	0.000365994	0.000656001	0.000243996	2.43996e-05	7.31988e-05	4.87992e-05	0.000195197	0	0.000146398	0.000341594	5.8559e-05	0	0.000209837	0	0.000170797	0	0
d3_2	0.00713697	0.00111185	0.00167029	0.00119726	0.00113052	0.00177531	0.000881023	0.00078575	0.0017287	0.00134711	0.000709125	0.000681566	0.000938427	0.00102779	0.000884021	0.000936364	0.00136684	0.000177122	0.000188225	0.00042769	0.000108055	0.00070724	0.000350657	0.000311618	2.96281e-05	0.000161502	0.000527031	0.000473352	0	0.000234236	0.000307435	0.000780787	0.000156157	8.78386e-05	6.3439e-05	0.000195197	0	0.000341594	0	0	0	0
d3_3	0.00473761	0.00114001	0.00156468	0.00168027	0.00150973	0.00107475	0.00126134	0.00113866	0.00104175	0.00105188	0.00119801	0.000756372	0.00027887	0.00055216	0.000763155	0.00094982	0.000638689	0.000596047	0.000974098	0.000566768	0.000337063	0.000343436	0.000512392	0.000381447	0.000206485	0.000776256	0.000326606	0.00059779	0.000136638	0.000314406	4.87992e-05	0.000243996	0.000146398	0.000243996	0	0.000146398	0	0.000234236	0	4.87992e-05	0	0
d3_4	0.00569471	0.00177537	0.00137503	0.00155401	0.00101286	0.00156785	0.000869108	0.000890437	0.00126364	0.000768293	0.000269911	0.00102049	0.00120239	0.00103626	0.000944449	0.000941583	0.000852465	0.000558973	0.000760803	0.000765334	0.000296978	0.000535629	0.00060023	0.000285349	9.75984e-05	0.000284662	0.000486239	0.000501818	0.000238303	0.000551431	0.000292795	0.000707588	0.000573391	0	0	0	0.000341594	0.000341594	0.000561191	0.000292795	0.000195197	0.000146398
d3_5	0.00479483	0.00118888	0.000850795	0.000947327	0.00180351	0.000818312	0.000991694	0.000920017	0.000527395	0.000502837	0.000487476	0.000638557	0.00053808	0.000833574	0.00129157	0.000766728	0.000507163	0.000872015	0.00043106	0.00032674	0.00052006	0.0003969	0.000439193	0.000426644	0.000326955	0.000385514	0.00048683	0.000268396	0.000234236	0.000278155	0.000234236	2.76529e-05	0.000248063	0	0	0	0.000207397	0	0	0.000341594	0	0
d3_6	0.00453993	0.00116962	0.00109206	0.000751871	0.000991351	0.000971748	0.000828264	0.00097107	0.00102365	0.000725943	0.000743922	0.00118263	0.000585528	0.000825908	0.00035796	0.000571415	0.000333229	0.00125184	0.000163477	0.000464262	0.000216692	0.00100201	8.34023e-05	0.000272927	0.000504258	8.78386e-05	0.000126878	0.000475792	0.000251316	0.000329395	0.000527031	0.000719788	7.31988e-05	4.87992e-05	0.000283035	0.000195197	4.87992e-05	0.000146398	0.000146398	4.87992e-05	0	0
d3_7	0.00271163	0.00137934	0.00124715	0.00115822	0.000961761	0.00063233	0.00153929	0.00102882	0.00116544	0.000924731	0.000530514	0.000462142	0.000424252	0.000537238	0.000744148	0.000572916	0.000430827	0.000247133	0.000746628	0.000158597	0.000377845	0.000656001	0.000589773	0.000575831	0.000436404	0.000136638	0.000264794	0.000412353	0.000287915	0.000195197	0.000478232	0.000292795	0.000146398	0.000390394	0.000268396	0.000146398	0.000195197	0.000341594	0.000439193	0.000195197	0.000146398	0.000195197
d3_8	0.00276978	0.000623913	0.000860501	0.000832379	0.000850626	0.000609808	0.000731561	0.000675583	0.000335688	0.000632762	0.000527021	0.000997381	0.000916218	0.000668335	0.000164697	0.00107465	0.000390394	0.000596628	0.00111403	0.000402477	0.000758479	0.000858169	0.000138729	0.000270022	0.000234236	0.000146398	0	0.000683189	0.000478232	0.000292795	0	0.000453833	0.000382725	0.000239116	0.000292795	0.000331835	0.000463592	0	0.000146398	0.000292795	0	0.000146398
d3_9	0.00321903	0.0014336	0.00120066	0.000933347	0.000661714	0.000605253	0.000584619	0.0007647	0.000902562	0.00162837	0.000318574	0.000685545	0.000484506	0.000199718	0.00088824	0.000501818	0.000564687	0.000338806	0.000568616	0.000769644	0.0004335	0.000478232	0.000409565	0.00062707	0.000470564	2.92795e-05	9.75984e-05	0.000553058	0.00060999	0.000250967	6.3439e-05	0.000121998	0.000322075	7.31988e-05	0.000219596	0.000439193	0.000146398	0.000146398	4.87992e-05	0.000146398	0.000195197	0.000439193
d3_10	0.00265072	0.0010999	0.000526178	0.000759259	0.000764517	0.000888988	0.000412421	0.000392806	0.00100939	0.00038669	0.000555613	0.000374581	0.00116261	0.000733807	0.000476471	0.000333113	0.000599882	0.000400153	0.000367649	0.000840899	0.00104639	0.00090601	0.000583372	0.000505072	0.000575831	0.00041642	0.000217156	0.000277941	0.000312537	0.00078009	0.000151626	0.000226568	9.75984e-05	0.000478232	0.000209837	1.46398e-05	0.000170797	0.000390394	0	7.31988e-05	0.000146398	0.000292795
d3_11	0.00266592	0.000616852	0.000599354	0.000388747	0.000750688	0.000486513	0.00100079	0.000415128	0.000432455	0.000575181	0.000374049	0.000115138	0.000527311	0.000817859	0.000811461	0.000360987	0.000187715	0.000596396	0.000508541	0.000525289	0.000605332	0.000468472	0.00082027	0.000613243	0.000286289	0.000400502	0.000292795	0.000380634	0.000124438	0.000402245	0.000146398	0.000219596	0.000771027	0.000453833	0.000414793	0	0.000243996	0	0.000146398	0.000146398	0.000292795	0.000292795
d3_12	0.00218116	0.000640672	0.000993684	0.000751923	0.000534053	0.000717844	0.000630214	0.000822073	0.000650259	0.000734058	0.000889671	0.000239808	0.000608265	0.000672488	0.000631601	0.000349136	0.000296862	0.000454297	0.000213787	0.000283035	0.000892328	0.000319286	0.000475792	0.00069504	0.000478232	0.000329046	0.000853986	2.43996e-05	0.000429433	0.000753599	0.000341594	0	0.000243996	0.000121998	0.000219596	0.000146398	0.000146398	0.000146398	0.000146398	0	0	0
d3_13	0.00229287	0.000514391	0.000409688	0.00133254	0.000823545	0.000490247	0.000594982	0.000925431	0.000680765	0.000652032	0.000518074	0.000964661	0.00028988	0.000284081	0.00078798	0.000426993	0	0.000463592	0.000564694	0.000475444	0.000502632	0.000226916	0.000134198	0.000509603	0.000146398	0.000209837	0.000170797	0.000455459	0	8.78386e-05	3.41594e-05	0.000322075	0.000512392	0.000292795	0.000390394	0.000292795	0.000195197	0.000146398	0.000292795	0.000487992	0.000365994	0
d3_14	0.00120567	0.000424135	0.000654549	0.000561296	0.000488209	0.000589516	0.000661581	0.000532851	0.000201038	0.00021647	0.00105692	0.00114339	0.000452787	0.000395096	0.00055177	0.000241207	0.000294073	0.000296804	0.000151848	0.000257358	0.00104849	0.000292795	0.000679529	2.43996e-05	0.00109833	3.90394e-05	0.000234236	7.31988e-05	0.000234236	0.000268396	0.000566071	0.000358326	0.000729199	0.000494963	0.000268396	7.31988e-05	0.000341594	0.000341594	0	0.000146398	0.000146398	0.000487992
d3_15	0.00110852	0.000234486	0.000832266	0.000391261	0.000273489	0.00048631	0.000224949	0.000340084	0.000137065	0.000560705	0.000171251	0.000438728	0.000461327	0.000463011	0.000292795	0.000547586	0.000498315	0.000177769	0.000475327	0.000511578	0.00059291	0.000455111	0.000268396	0.000419673	0.00060023	0.000380634	0.000551431	0.00063683	0.000243996	0.000146398	0.000146398	2.43996e-05	0.000161037	0.000195197	0.000390394	0.000292795	0	0.000536791	0.000146398	0.000146398	2.43996e-05	0.000195197
d3_16	0.00161201	0.000567295	0.000680085	0.00113545	0.000783233	0.000719453	0.000206174	0.000196002	0.000191025	0.000619758	0.00137566	0.000636238	0.000575239	0.000394798	0.000710261	0.000439658	0.000643238	0.000105982	0.000360766	0.000735706	0.000649029	3.41594e-05	0.000551431	0.000653096	0.000666109	0.000429433	0.000258636	0.000390394	0.00058559	0.000512392	0.000380634	0	0.000195197	0.000487992	0.000365994	9.75984e-05	0.000317195	0.000195197	0.000341594	0.000146398	0.000292795	0.000439193
d3_17	0.000814146	4.83079e-05	0.000314332	0.000294811	0.000511433	0.000122475	0.000325828	0.000319508	0.000510158	0.000618016	0.000539499	0.000391767	0.000593607	0.000323353	0.000850733	0.000497403	0.000301557	0.000217156	0.000395622	0.000621841	0.000429433	0.000109798	0.000607201	0.000429433	0.000439193	0.000439193	0.000146398	0.000247249	0.000333461	6.55304e-05	7.80787e-05	0.000683189	0.000219596	0.000390394	0.000195197	0.000195197	0.000185437	0.000683189	0.000292795	0.000292795	0.000146398	0
d3_18	0.000668087	0.000393084	0.000164788	0.000344887	0.000739626	0.00015119	0.000305382	6.3439e-05	0.000259845	0.000452613	0.00121144	0.000247249	0.000326258	6.3439e-05	0.000424088	0.000905225	0.000142796	8.78386e-05	0.000317195	0.000297675	0.000409913	0.000109798	0.000268396	0.000146398	0.000216808	0.00063439	0.000395622	0.00062463	0.000487992	0.000405033	0.000436404	0.000161037	0.000402593	0.000439193	0.000243996	0.000146398	0.000487992	0	0.000341594	0.000341594	0	0.00063439
d3_19	0.000502402	0.000183471	0.000530969	8.63387e-05	0.000284149	4.86082e-05	0.00013899	0.000533207	0.000587359	7.77302e-05	0.000548051	0.000474532	0.000276529	8.9687e-05	0.000311037	0.000763359	0.000380634	0.000234236	0.000270836	0.000273276	0.000554219	0.000736868	0.000763359	0.000658789	0.00117606	6.3439e-05	0.000439193	0.000414793	0.000317195	0.000243996	0.000780787	0.000487992	0.000365994	0.000307435	0.000156157	0.000146398	0	0.000243996	0.000268396	0.000292795	0.000195197	0.000658789
d3_20	0.00113421	0.000533257	0.000417378	0.000395354	0.000964989	0.000430756	0.000312517	0.000744515	0.0016271	0.000855496	0.000668057	0.00117554	0.000304995	0.000981202	0.000821918	0.00237937	0.00162235	0.00158738	0.00192966	0.00177652	0.00119279	0.00167569	0.0025759	0.00181742	0.00204713	0.00278818	0.00161281	0.00242776	0.00221304	0.00319879	0.00330859	0.00332323	0.00363554	0.00373035	0.00298163	0.00573391	0.00492872	0.00453833	0.00466032	0.00448953	0.00556311	0.00568511
