	d2_0	d2_1	d2_2	d2_3	d2_4	d2_5	d2_6	d2_7	d2_8	d2_9	d2_10	d2_11	d2_12	d2_13	d2_14	d2_15	d2_16	d2_17	d2_18	d2_19	d2_20	d2_21	d2_22	d2_23	d2_24	d2_25	d2_26	d2_27	d2_28	d2_29	d2_30	d2_31	d2_32	d2_33	d2_34	d2_35	d2_36	d2_37	d2_38	d2_39	d2_40	d2_41
d3_0	0	0.0861001	0.0391118	0.0217555	0.011404	0.00581981	0.0034321	0.00222895	0.000878967	0.000484255	0.000358995	0.000123136	2.08616e-05	0.00011635	0	0	0	0	0	0	0	0.000166893	0	0	0	0	0	0	0	0	0	0	0	0	0	0	0	0	0	0	0	0
d3_1	0.0417489	0.0417367	0.034539	0.0226633	0.0153163	0.0127626	0.00754682	0.00403579	0.00281807	0.00215372	0.000916676	0.000801793	0.000430764	0.00024745	5.3616e-05	1.84024e-05	3.12924e-05	2.68221e-05	0	2.98023e-06	0.000104308	0	0	0	0	0	0	0	0	0	0	0	0	0	0	0	0	0	0	0	0	0
d3_2	0.0100041	0.0157081	0.0182602	0.0174439	0.0141467	0.0107701	0.0101644	0.00615219	0.00536951	0.00325452	0.00269453	0.00210725	0.000710235	0.000840828	0.000556748	0.000139773	0.000175238	0.000284707	2.27581e-05	1.30046e-05	6.25848e-05	0	0	0	0	0	0	0	0	0	0	0	0	0	0	0	0	0	0	0	0	0
d3_3	0.00282109	0.00625885	0.00654123	0.00949551	0.0113252	0.00898744	0.00825404	0.00550217	0.00617927	0.00536955	0.00350995	0.00169012	0.00297832	0.00158918	0.00164383	0.000856999	0.000668003	0.000232011	0.000108968	0.000268817	0.000271201	0.000166893	0	0	1.3411e-05	0	0	0	0	0	0	0	0	0	0	0	0	0	0	0	0	0
d3_4	0.000480501	0.00189787	0.00287091	0.00496357	0.00529709	0.00580569	0.0058366	0.00706023	0.00476325	0.00359949	0.00295459	0.00358398	0.00243071	0.00243388	0.0027383	0.0012044	0.000796823	0.000744477	0.000350963	0.000998973	0	0.000266731	1.43051e-05	0	0	0	4.17232e-05	0	0	0	0	0	0	0	0	0	0	0	0	0	0	0
d3_5	0.000144643	0.000364623	0.00109866	0.00200654	0.00237294	0.00262686	0.00413247	0.00451326	0.00363686	0.00467323	0.00398919	0.00363079	0.00317986	0.00186694	0.00249069	0.00227232	0.00187685	0.00097344	0.00105511	0.0004244	0.000342212	0.000581741	0.000389606	0.000356038	0.000104308	0.000239909	0	0	0	0	0	0	0	0	0	0	0	0	0	0	0	0
d3_6	1.13158e-05	4.37464e-05	0.000142031	0.000470515	0.00105713	0.00207389	0.00288297	0.00238486	0.00253804	0.00321156	0.0040087	0.00324007	0.00207372	0.00287706	0.0023881	0.00302146	0.00134765	0.00146958	0.0020042	0.00110455	0.00042359	0.000176231	0.000487864	0.000473748	0.000164111	0.000158548	0.000381469	4.17232e-05	0	0.000227581	0	0	0	0	0	0	0	0	0	0	0	0
d3_7	3.21865e-05	4.26163e-05	1.23153e-05	0.000155304	0.000344424	0.000983871	0.00119631	0.000707933	0.00153544	0.00198815	0.0029422	0.00276082	0.00188705	0.00192228	0.00343654	0.00255757	0.00384825	0.00206819	0.00167176	0.00179456	0.00134995	0.00113208	0.00107207	0.000609159	0.000172853	0.000312924	0.000166893	0.000250339	0	0	0	0	0	0	0	0	0	0	0	0	0	0
d3_8	3.12924e-05	3.66975e-05	0	0.000189212	0.000118675	0.000329525	0.00056426	0.000600206	0.000424891	0.00118241	0.00146165	0.0023847	0.00147574	0.00168584	0.00181788	0.00216349	0.00169369	0.0037817	0.00196126	0.00140565	0.00276328	0.00135511	0.00069499	0.000839829	0.000663399	0.00078996	0.000160336	0.000429749	0	0.000146031	0.000292063	0	0	0	0	0	0	0	0	0	0	0
d3_9	0	0	0	0.000166893	1.53075e-05	4.37635e-05	0.000287518	0.000725242	0.000562816	0.00104352	0.000744526	0.000619411	0.00100333	0.00105614	0.00231642	0.00256836	0.00194025	0.0023222	0.00150849	0.00177411	0.00239491	0.00159591	0.000612735	0.000614821	0.000354051	0.00123292	0.00116408	0.000367164	0.000492334	2.88089e-05	0	0	0.00012517	0	0	0	0	0	0	0	0	0
d3_10	0	0	0	0	0	9.38772e-05	1.20112e-05	0.000181347	0.000198375	0.000152374	0.000614772	0.000538121	0.000410757	0.000788659	0.00147171	0.00123978	0.00170936	0.000976712	0.00271895	0.00128855	0.00164062	0.00156879	0.00139864	0.00170827	0.00117838	0.00165552	0.0010848	0.000884532	0.000450611	0.000158548	0.000208616	0.000292063	4.17232e-05	0.00012517	0	0	0	0	0	0	0	0
d3_11	0	0	0	0	0	0	0	4.47034e-06	3.15154e-05	0.000441571	0.000102222	0.000136724	0.000335574	0.000644326	0.000686293	0.00111272	0.00130494	0.000533079	0.000950892	0.000632504	0.00151832	0.00168741	0.00141968	0.000872313	0.00172943	0.00150412	0.00151455	0.00161439	0.00044018	0.000698864	0.000262856	0.000318885	0.000458955	0.000500679	0.000458955	0.00012517	0	0	0.00012517	0	0	0
d3_12	0	0	0	0	0	0	0	0	3.97364e-06	0	0	0.000487358	0.000237127	0.000218939	0.000639946	0.000470479	0.000635873	0.000706727	0.00056535	0.000585218	0.00136822	0.00247886	0.00139404	0.00143111	0.00235677	0.000887925	0.000780522	0.000801086	0.00054419	0.000579953	0.00165641	0.000548362	0.000292063	8.34464e-05	0.000200271	0.000187754	0.000146031	0	0.000187754	0	0	0
d3_13	0	0	0	0	0	0	0	0	0	0	2.98023e-06	0	0	4.17232e-05	0.000429749	0.000271201	0.000150204	0.000420601	0.000694394	0.000798702	0.00101685	0.000925063	0.00117004	0.00101179	0.00116587	0.00257611	0.000984668	0.00208378	0.000623762	0.000590086	0.00112653	0.00178993	0.000438094	0.000623464	0.000208616	0.000292063	0.000166893	0	0	0	0	0
d3_14	0	0	0	0	0	0	0	0	0	0	0	2.64247e-05	0.000166893	4.17232e-05	0	0.000283718	9.59634e-05	0.00012517	0.000325441	0.000511109	0.000396371	0.000221133	0.000882148	0.00134528	0.000529885	0.000915527	0.00135779	0.00165363	0.00161469	0.000471472	0.0013268	0.00160634	0.000855326	0.000604987	0.000876188	0.000792741	0.000500679	0	0	0	0	0
d3_15	0	0	0	0	0	0	0	0	0	0	0	0	0	0	0	2.08616e-05	0.000214577	6.25848e-05	0.000200271	0.000292063	0.000327229	0.000318885	0.000442266	0.000730156	0.000650882	0.000630021	0.00129342	0.00124335	0.000740587	0.000917911	0.00129342	0.00112653	0.00146031	0.000375509	0.00139773	0.000680088	0.000375509	0.000438094	0.000375509	0.00012517	0	0
d3_16	0	0	0	0	0	0	0	0	0	0	0	0	0	0	0	0	0	4.17232e-05	0	6.25848e-05	0.000166893	0	0.000711381	0.000200271	0.000458955	0.000471472	0.000563263	0.00110567	0.000734329	0.000298023	0.00082612	0.000596642	0.000734329	0.0015229	0.00180662	0.000876188	0.00106394	0.000751018	0.000667571	0.000166893	0.000166893	0
d3_17	0	0	0	0	0	0	0	0	0	0	0	0	0	0	0	0	0	7.51018e-05	0	0	0.00012517	0.00012517	0.00012517	2.08616e-05	0	0.000542402	0.000417232	0.000584125	0.00012517	0.00110567	0.000146031	0.0010556	0.00120997	0.00118911	0.000897049	0.00154376	0.00162721	0.00219047	0.00148117	0.000292063	0.00104308	0.000458955
d3_18	0	0	0	0	0	0	0	0	0	0	0	0	0	0	0	0	0	0	0	0	0	0	0	0	0.00012517	0	0	0.00012517	0.000479817	8.34464e-05	0.000500679	0.000751018	0.000312924	0.00129342	0.0012517	0.00175238	0.00126421	0.00189006	0.00246167	0.00191927	0.00116825	0.000625848
d3_19	0	0	0	0	0	0	0	0	0	0	0	0	0	0	0	0	0	0	0	0	0	0	0	0	4.17232e-05	0	0	0	4.17232e-05	0.00012517	0.000292063	3.33786e-05	0.000250339	0.000250339	0.000400543	0.00112653	0.00168979	0.000751018	0.00150204	0.00237822	0.0020653	0.00162721
d3_20	0	0	0	0	0	0	0	0	0	0	0	0	0	0	0	0	0	0	0	0	0.00012517	0	0	0	0	0	0	0	0	0	0	0.000187754	0.00012517	4.17232e-05	0.000396371	0.000534057	0.000250339	0.00100136	0.00120997	0.00131428	0.00317096	0.00137687
