	d1_0	d1_1	d1_2	d1_3	d1_4	d1_5	d1_6	d1_7	d1_8	d1_9	d1_10	d1_11	d1_12	d1_13	d1_14	d1_15	d1_16	d1_17	d1_18	d1_19
d2_0	0	0.0237595	0.0162647	0.0113583	0.00905942	0.00675605	0.00626687	0.00354368	0.00282888	0.00289177	0.00201542	0.00203802	0.000722534	0.000993021	0.000345278	0.000230741	0.000163426	1.8994e-05	4.11136e-05	0
d2_1	0.0897916	0.00406497	0.00373893	0.0033434	0.00350132	0.00280793	0.00264371	0.00105326	0.00101927	0.000978954	0.00100103	0.000532651	0.000510072	0.000322076	0.00035426	0.000244784	0.000125752	5.77679e-05	4.26891e-05	0
d2_2	0.056483	0.00454035	0.00378813	0.00383931	0.00220546	0.00221156	0.00100065	0.00124511	0.000785597	0.00117566	0.000526808	0.00102553	0.000467209	0.000220484	0.000331079	0.000569898	8.91548e-05	0.000265914	0	2.04228e-05
d2_3	0.0427168	0.00328771	0.00299093	0.00277474	0.00187188	0.00135098	0.00115844	0.00129561	0.00100928	0.00102457	0.000540488	0.000698853	0.000458053	0.000189884	0.000666231	0.000267784	3.89804e-05	1.52656e-05	0	0.000110242
d2_4	0.0354112	0.00266204	0.00312482	0.00292301	0.00254388	0.00112521	0.00139547	0.00148502	0.000894531	0.00136036	0.000458401	0.000324101	0.00024622	0.000424852	0.000171834	0.000383588	8.42924e-05	5.81277e-05	0	6.87707e-05
d2_5	0.026593	0.00324289	0.00345192	0.00275955	0.00172974	0.00137841	0.00127178	0.000660014	0.0016171	0.000504721	0.000824038	0.000705129	0.00124057	0.000220786	0.000132629	3.2748e-06	0.000206465	5.01044e-05	0	2.29236e-05
d2_6	0.021674	0.00299839	0.00232204	0.00182538	0.00163625	0.00104651	0.00179875	0.00131839	0.00193811	0.00135404	0.000365227	0.000712883	0.000578217	0.000544462	0.000385652	0.000606358	0.000356206	0.000373125	1.5719e-05	0.000183389
d2_7	0.0171115	0.00264825	0.00251243	0.00309365	0.0019163	0.0019065	0.001184	0.00116852	0.0017269	0.00120289	0.00100014	0.000915842	0.000444314	0.000594941	0.000192694	0.000123331	3.13131e-05	0.000133165	6.50395e-05	0.000132957
d2_8	0.0126199	0.00254737	0.00214877	0.00157679	0.00190612	0.00163865	0.00116423	0.000993695	0.00113049	0.00109964	0.00104274	0.000877352	0.000189393	0.000871523	0.000630306	0.000409231	6.87707e-05	6.01639e-05	0.000134485	0.000112326
d2_9	0.0118932	0.00151469	0.00282505	0.00122813	0.00205824	0.00196302	0.00137697	0.000881483	0.0016631	0.000603103	0.00138041	0.000763875	0.000200472	0.000209205	0.000176184	0.000181205	8.33982e-05	0.000125316	0.000316345	0.000371362
d2_10	0.00885401	0.00200816	0.00157014	0.00198199	0.00190435	0.00150595	0.00129832	0.00142313	0.00117522	0.000522986	0.000908637	0.000487701	0.000556499	0.000584224	0.000590773	0.000466222	3.05648e-06	0.000668512	4.58472e-05	0.000197143
d2_11	0.008112	0.00232692	0.00165331	0.00190264	0.00110944	0.00173655	0.0015185	0.000847088	0.00150979	0.000602117	0.000650112	0.000709993	0.000488917	0.000130784	0.000100864	0.000258709	0.000685068	0.000536293	8.73279e-06	0.000160465
d2_12	0.00577747	0.00127754	0.00212275	0.000947987	0.00175691	0.00130219	0.000924527	0.00193533	0.000774077	0.000981682	0.00102457	0.00107367	0.000647219	0.00025991	0.000608884	0.000374647	0.000209369	0.000399307	0.000197679	0.000201291
d2_13	0.00607125	0.00229739	0.00114673	0.00100857	0.00198768	0.000983254	0.00135952	0.000986795	0.000717488	0.000658171	0.000225562	0.000540789	0.000463056	0.000284461	0.00044308	0.000250075	0.000187209	0.000279668	6.54959e-06	0.000275083
d2_14	0.00511927	0.000808366	0.00154505	0.00164914	0.000781985	0.00115906	0.00132615	0.000827928	0.000882885	0.000374746	0.00030078	0.000827869	0.000701462	0.000908429	0.000107833	0.000354224	0.000476811	0.000678538	0.00020784	0.000597541
d2_15	0.00443766	0.00113486	0.00115095	0.000964468	0.00152818	0.0010481	0.000688761	0.00096409	0.000655451	0.00150762	0.000943643	0.00105186	0.000357489	0.000454214	0.000571251	0.000451267	0.000435548	0.000321585	0.00024299	0.000288837
d2_16	0.00377604	0.000748691	0.000652815	0.00102981	0.00177938	0.000471272	0.000755887	0.000937684	0.00121027	0.000897606	0.000290693	0.000685415	0.000388709	0.000990299	9.16943e-05	0.000247575	0.000412624	0.000103156	7.79402e-05	0.000662164
d2_17	0.00253956	0.00167352	0.00134891	0.000774134	0.000992145	0.00110283	0.000736819	0.00144694	0.000559663	0.00104901	0.00098262	0.00121429	0.000208605	0.000302919	0.000336649	0.000577674	1.17893e-05	0.000256744	0.000341561	0.000350403
d2_18	0.00181822	0.00123968	0.000933678	0.00153537	0.000626097	0.000647579	0.00112291	0.00076794	0.000886259	0.000457752	0.000564903	0.000684433	0.00068738	0.000408913	0.000497114	0.000490565	0.000721765	0.000151296	0.000391993	0.00049253
d2_19	0.00182264	0.000960389	0.00124367	0.000640803	0.00091869	0.000934736	0.00137421	0.00102633	0.000661918	0.0010199	0.000298007	0.00146831	0.000487743	0.000542961	0.00103615	0.00081084	0.000992062	0.000403455	0.000366777	0.00109116
d2_20	0.00158255	0.000770669	0.000702107	0.000830161	0.00056392	0.000647291	0.000558661	0.000733852	0.00110676	0.000502026	0.000881903	0.000151296	0.000730935	0.000261329	0.000220066	0.000357608	0.000200199	0.000584551	0.000233821	0.000311761
d2_21	0.00103307	0.000766521	0.00118603	0.000413825	0.000370707	0.000395948	0.00025336	0.000890308	0.000210778	0.000867712	0.000277048	0.000976545	0.000593284	0.000540342	0.000658016	0.00064186	0.000683123	0.000531827	0.000586844	0.000827541
d2_22	0.00106842	0.00069644	0.000584933	0.000919236	0.000591101	0.000760735	0.000746545	0.000380531	0.000885287	0.000178685	0.0014861	0.000513161	0.000594812	0.00109116	0.000710631	0.000785951	0.000487508	0.000861927	0.00048598	0.00089402
d2_23	0.000643198	0.000506611	0.000132193	0.000568505	0.000579967	0.000323223	0.000666286	0.000723621	0.000519065	0.000359573	0.00040804	0.000357608	0.000439805	0.00103353	0.000380531	0.000311761	0.000877646	0.000591756	0.000616317	0.000501699
d2_24	0.000429991	0.000508139	0.00014027	0.000169198	0.00048074	0.000382496	0.000391993	0.0001299	0.000914859	0.000531063	0.000905154	0.000467641	0.00135446	0.000910275	0.000458472	0.000678538	0.000427907	0.000871096	0.00102239	0.000944452
d2_25	0.000832351	0.000140444	0.00017471	0.000513488	0.00024299	3.66777e-05	0.000813652	0.00040542	0.000579203	0.00011953	0.000756478	0.000879938	0.000685088	0.000414917	0.000288837	0.00119203	0.000568505	0.000206312	0.000229236	0.00135904
d2_26	0.000562415	0.000334684	0.000127271	0.000449183	0.000515781	0.000403455	0.000641324	0.000311761	0.000772852	0.000596013	0.0012012	0.000561628	0.000510432	0.000348111	0.000795121	0.00064186	0.000469933	0.000586844	0.000275083	0.00185681
d2_27	0.000761996	0.000428552	0.000670897	0.000465557	0.000311761	0.000137541	0.000820992	0.000508904	0.000435548	0.00024954	0.000128372	0.000481395	0.000197143	0.000531827	0.000687707	0.000449302	0.00064186	0.000722093	0.000229236	0.000916943
d2_28	0.000256744	0.000137541	0.000198671	4.81395e-05	0.000298007	0.000366777	0.00039625	0.000311761	0.000216682	4.58472e-05	0.000249867	0.000721329	0.000233821	0.000378239	0.000412624	0.000903189	0.000161993	0.000206312	0.00120578	0.00131123
d2_29	8.32369e-05	0.000323431	0.000226943	0.000273991	7.53203e-05	0.0001429	0.000339477	0.000311761	0.000298007	0.000678538	0.00048598	0.000254452	0.0012215	0.000380531	0.000311761	0.00089402	0.000229236	0.000932662	0.000618937	0.00120578
d2_30	0.000375947	4.58472e-05	0.000734755	0.000527242	0.000114618	2.9627e-05	8.9402e-05	0.000270498	0.00032093	0.000481395	0.000174219	0.000923493	0.000389701	0.000481395	0.000848173	0.000380531	0.000848173	0.000481395	0.000756478	0.00191641
d2_31	0.000258709	2.29236e-05	0.0006627	7.33555e-05	0.000357608	0.00032093	0.000183389	0.000206312	0.000389701	0.000356953	0	0.000137541	0.000687707	0.00056392	0.000504319	0.000618937	0.000678538	0.000275083	0.000366777	0.00113701
d2_32	0.000391993	0.000137541	6.87707e-05	0	0.000183389	0	2.29236e-05	9.16943e-05	0.000481395	0.000577674	0.000275083	0.000664784	0.000220066	0.000343854	0.000802325	0.00100864	0.000343854	0.00118286	0.000137541	0.00197143
d2_33	8.056e-05	0	5.23968e-05	0	0.00032093	0.000275083	0.00032093	7.53203e-05	0.00032093	0.000412624	0.000527242	0.000527242	0.000334684	0.000137541	0.000343854	0.000724385	0.000435548	0.000596013	0.000916943	0.00160465
d2_34	0	0	1.37541e-05	6.87707e-05	0	0	0.000426379	4.58472e-05	0.000183389	0.000385116	0.000275083	0.000678538	0.00032093	0.00032093	0.000550166	0.000550166	0.000916943	0.000197143	0.000618937	0.00197143
d2_35	0.000137541	0	0.00020402	0.000183389	0.000644153	0.000183389	0.000183389	0.000389701	0.00048598	0	0.000481395	0.000596013	0.000426379	0.00057309	6.87707e-05	0.000152824	0.000495149	0.000252159	0.00057309	0.0024299
d2_36	0	0	4.58472e-05	0	0	0	4.58472e-05	0.000596013	0.000183389	0.000275083	0	0.00032093	0.000183389	0.00032093	0.000275083	0.000183389	0.000596013	0.00096279	0.000412624	0.00288837
d2_37	0	0	0	0	0.000137541	0	0.000137541	0	0	0	0.000449302	0	0.000449302	0.000343854	0	0.000275083	0.000458472	0.000435548	0.000252159	0.00456179
d2_38	0	0	3.66777e-05	4.58472e-05	4.58472e-05	0.000183389	0	0.000137541	4.58472e-05	0.000137541	0.000183389	0.000343854	0.000183389	0.000183389	0.000183389	0.000275083	0.00057309	0.000366777	0	0.00353023
d2_39	0	0	0.000183389	0	0.000137541	0	0	0.000137541	0.000458472	4.58472e-05	0.000380531	4.58472e-05	0.000275083	0	0.000275083	0.000206312	0.000756478	0.000481395	0.000701462	0.00265914
d2_40	0	0	0	6.87707e-05	6.87707e-05	0.000137541	0.000206312	0.000137541	9.16943e-05	4.58472e-05	4.58472e-05	0.000137541	0	0.000366777	0.000412624	0.000596013	0.00064186	0.00032093	0.000618937	0.00362193
d2_41	0	0	0	0	0	0	0.000275083	0	0.000458472	4.58472e-05	0.000412624	0.000229236	0	0.000687707	0.000412624	0.000458472	0.000412624	0.000701462	0.00123787	0.0052495
