	d2_0	d2_1	d2_2	d2_3	d2_4	d2_5	d2_6	d2_7	d2_8	d2_9	d2_10	d2_11	d2_12	d2_13	d2_14	d2_15	d2_16	d2_17	d2_18	d2_19	d2_20	d2_21	d2_22	d2_23	d2_24	d2_25	d2_26	d2_27	d2_28	d2_29	d2_30	d2_31	d2_32	d2_33	d2_34	d2_35	d2_36	d2_37	d2_38	d2_39	d2_40	d2_41
d3_0	0	0.0478555	0.027929	0.0165175	0.00910503	0.00603649	0.00288686	0.00239069	0.00140824	0.00121735	0.000263736	0.000379917	6.52561e-05	8.49589e-05	5.89404e-05	0	0	0	2.7201e-05	0	0	0	0	0	0	0	0	0	0	0	0	0	0	0	0	0	0	0	0	0	0	0
d3_1	0.0226336	0.0259662	0.022115	0.0189487	0.0137894	0.0122689	0.00617485	0.00418618	0.00287195	0.00121861	0.0016637	0.000866075	0.000833897	0.000222794	0.000342732	0.000250658	5.87683e-05	0	0	0	0	0	0	0	0	0	0	0	0	0	0	0	0	0	0	0	0	0	0	0	0	0
d3_2	0.00610036	0.0116537	0.0143415	0.0144605	0.0136212	0.011675	0.00860222	0.00613902	0.00454004	0.00423307	0.00404166	0.00216852	0.00209825	0.00109709	0.000508978	0.000329238	0.000452366	0.000239773	2.7201e-05	1.36005e-05	0	0	0	0	0	0	0	0	0	0	0	0	0	0	0	0	0	0	0	0	0	0
d3_3	0.00123113	0.00335852	0.00694902	0.00908285	0.010485	0.00971215	0.0079167	0.0085036	0.00553648	0.00672311	0.00492037	0.00309771	0.00307528	0.00201514	0.00125208	0.00132399	0.00108638	0.000246907	0.00024986	0.000190654	0	6.52824e-05	5.4402e-05	0	2.7201e-05	0	0	0	0	0	0	0	0	0	0	0	0	0	0	0	0	0
d3_4	0.000775496	0.00143645	0.00374679	0.00514165	0.00394395	0.00711511	0.00668423	0.00723068	0.00505932	0.00641695	0.00468054	0.00293957	0.00251553	0.00217686	0.00337863	0.00226801	0.00108819	0.000868623	0.000331938	0.00104477	7.07226e-05	0.000470824	0.00028833	2.7201e-05	0	0	0	0	0	0	0	0	0	0	0	0	0	0	0	0	0	0
d3_5	0.000349979	0.000159103	0.000586456	0.0026016	0.0039658	0.00342343	0.00460953	0.00385358	0.00462366	0.00459178	0.00448215	0.00507074	0.00390055	0.00527302	0.00338776	0.00359737	0.00162167	0.000933639	0.000874981	0.000508956	0.000538191	0.000489825	0.000229081	0.000342732	0.000353613	0.000244809	7.30293e-05	0	0	0	0	0	0	0	0	0	0	0	0	0	0	0
d3_6	1.94293e-05	5.69167e-05	0.000281584	0.000472534	0.0011624	0.00289433	0.0036211	0.00261997	0.00375888	0.00427412	0.004884	0.00324655	0.0028766	0.00406857	0.00388093	0.00244172	0.00189531	0.00186462	0.00151419	0.0018308	0.00127443	0.00124294	0.000429776	0.000315531	0	0.000163206	0.000244809	2.7201e-05	0	0	0	0	0	0	0	0	0	0	0	0	0	0
d3_7	0.000126938	2.9754e-07	2.26207e-05	0.000596038	0.000379932	0.000455592	0.00161179	0.00222151	0.0015527	0.0027676	0.00277869	0.0028907	0.00435363	0.00374868	0.00398605	0.00349549	0.00358266	0.00359488	0.00259308	0.00198294	0.00137593	0.00139645	0.000961231	0.000326412	0.000648415	0.000379519	0.000334184	0.000997369	0	0	0	0	0	0	0	0	0	0	0	0	0	0
d3_8	0	0	1.09369e-05	0.000281073	0.000150058	0.00044552	0.000589714	0.00100412	0.00163946	0.00129593	0.00170831	0.00176668	0.00270513	0.00166872	0.00312717	0.00221139	0.0033679	0.00251555	0.00287615	0.00274584	0.00142766	0.00140528	0.00141082	0.00160097	0.0015138	0.000331852	0.00056578	0.000247776	5.4402e-05	0.000424335	7.07226e-05	0.00054402	0	0	0	0	0	0	0	0	0	0
d3_9	0	0	0	0	0	3.05549e-06	0.000219278	0.000818445	0.000756965	0.00069583	0.000955493	0.000841051	0.00263106	0.00147064	0.00261012	0.00286676	0.00171995	0.00215642	0.00155535	0.00244764	0.00269963	0.00150764	0.00206961	0.00228462	0.000993225	0.00140382	0.00140357	0.000356333	0.000380814	0.000489618	0.000217608	0.000217608	0.000369933	0	0	0	0	0	0	0	0	0
d3_10	0	0	5.4402e-05	0	1.42229e-05	2.03469e-07	2.47343e-05	0.000358803	0.000522112	0.00066646	0.000670002	0.000976762	0.000706046	0.00136363	0.00130412	0.00221968	0.00227718	0.00198078	0.00355414	0.00126846	0.00248344	0.00224434	0.00142365	0.00294573	0.00158906	0.00182661	0.00119089	0.000975609	0.000883643	0.000380814	0.000435216	0.000435216	0.000380814	0.000163206	0.000190407	0	0	0	0	0	0	0
d3_11	0	0	0	0	0	3.08354e-06	4.35216e-05	2.58821e-05	0	0.000318252	0.00036727	0.000577179	0.000469415	0.000839992	0.000250099	0.00118364	0.00171128	0.00132249	0.00219616	0.00182441	0.00173307	0.00261931	0.00236143	0.00146212	0.00142766	0.00127845	0.00213256	0.00175718	0.00121239	0.00160175	0.000399466	0.000125125	0.000353613	0.000163206	0.000598422	0	0	0	0	0	0	0
d3_12	0	0	0	0	0	0	0	7.61628e-05	0	2.7201e-05	0.000612411	1.86521e-05	0.000587782	0.000177579	0.000438238	0.000773415	0.000642073	0.00121731	0.00119412	0.00138132	0.00123907	0.0010554	0.00136575	0.00258591	0.00141406	0.00240379	0.00114827	0.00185122	0.00102146	0.000777948	0.000859551	0.00081603	0.000353613	0.000805149	0.000435216	0.000217608	0.000163206	5.4402e-05	0	0	0	0
d3_13	0	0	0	0	0	0	0	0	0	0	0	1.08804e-05	0.000108804	8.54888e-05	0.000847764	0.000206727	0.000267476	0.000296102	0.000435216	0.000668967	0.00137365	0.000815641	0.00139904	0.00138142	0.00199344	0.00253513	0.00193127	0.00182247	0.00227944	0.00172364	0.000663704	0.00111524	0.00124036	0.000854111	0.000217608	0.000489618	5.4402e-05	0.000217608	0.000163206	0	0	0
d3_14	0	0	0	0	0	0	0	0	0	0	0	0	0	0	3.67861e-05	0.00027201	0.000514228	0	0.000472002	0.000650104	0.00137818	0.00106628	0.00132702	0.00110358	0.00102276	0.00112172	0.00104996	0.00248073	0.00164838	0.000924833	0.00141173	0.00206417	0.00124036	0.00168646	0.000571221	0.00106084	0.000870432	0.000217608	0	0	0	0
d3_15	0	0	0	0	0	0	0	0	0	0	0	0	0	0	0	0	0.000217608	0.0005549	0.000163206	0.000127456	0.000522259	0.00028833	0.000190407	0.000451536	0.000631063	0.00162118	0.00189319	0.00125125	0.00233928	0.00119684	0.00172143	0.00153958	0.00163206	0.00156678	0.000680025	0.00141989	0.000408015	0.000870432	0.000244809	5.4402e-05	0	0.000163206
d3_16	0	0	0	0	0	0	0	0	0	0	0	0	0	0	0	0	0	0	0	0.000163206	0.000380814	0.000152326	0.000598422	0	0.000500498	0.000337292	0.00120228	0.00134373	0.000625623	0.000870432	0.000948926	0.00103908	0.00163206	0.00108804	0.00201287	0.00144165	0.00125125	0.000625623	0.00108804	0.000750747	0.000326412	0
d3_17	0	0	0	0	0	0	0	0	0	0	0	0	0	0	0	0	0	0	0	0	0	6.21737e-05	1.63206e-05	9.79235e-05	0	0.000750747	0.000636453	0.000747639	0.000979235	0.00116964	0.00145797	0.00125125	0.00244809	0.00111524	0.00144165	0.00115876	0.00171366	0.00138725	0.00138725	0.00136005	0.000435216	5.4402e-05
d3_18	0	0	0	0	0	0	0	0	0	0	0	0	0	0	0	0	0	0	0	0	0	0	0	0	0.000261129	0.000163206	0.000116576	0	0.00027201	0.000788829	0.000886752	0.00149605	0.00114244	0.000952034	0.000707226	0.00125125	0.00187687	0.0028833	0.00152326	0.00163206	0.00184967	0.000870432
d3_19	0	0	0	0	0	0	0	0	0	0	0	0	0	0	0	0	0	0	0	0	0	0	0	0	0	0	5.4402e-05	0.000163206	0	0.000217608	0.000163206	0.000326412	0.000108804	0.000326412	0.000913953	0.000625623	0.00251881	0.00209448	0.00233928	0.00201287	0.00214888	0.00195847
d3_20	0	0	0	0	0	0	0	0	0	0	0	0	0	0	0	0	0	0	0	0	0	0	0	0	0	0	0	0	0	0	0	0	0.000217608	8.1603e-05	0.000489618	0.000163206	0.00103364	0.00114244	0.00168646	0.00315531	0.00364493	0.00212168
