	d2_0	d2_1	d2_2	d2_3	d2_4	d2_5	d2_6	d2_7	d2_8	d2_9	d2_10	d2_11	d2_12	d2_13	d2_14	d2_15	d2_16	d2_17	d2_18	d2_19	d2_20	d2_21	d2_22	d2_23	d2_24	d2_25	d2_26	d2_27	d2_28	d2_29	d2_30	d2_31	d2_32	d2_33	d2_34	d2_35	d2_36	d2_37	d2_38	d2_39	d2_40	d2_41
d3_0	0	0.0581685	0.0494137	0.0429653	0.0372655	0.0336896	0.0260444	0.0208113	0.0181847	0.0163344	0.0146537	0.0107434	0.00950309	0.00744493	0.00620108	0.00711145	0.00581544	0.00458374	0.00264504	0.0037859	0.0036211	0.00166204	0.00175535	0.00219635	0.00224586	0.000575049	0.0011029	0.000880574	0.000562256	0.000497263	0.000447421	9.21161e-05	0.00062312	0.000305299	0.000381624	0.00023687	1.57913e-05	0.000252661	0	0	0.000157913	0.000157913
d3_1	0.00932529	0.0032717	0.00216877	0.00162258	0.00273117	0.00136149	0.00092434	0.00226098	0.00155947	0.0018089	0.00180616	0.00137981	0.000606775	0.00126296	0.00128491	0.000641429	0.000466247	0.000664713	0.000555685	0.000397153	0.000182352	0.000921788	0.000655072	0.000689418	0.000513112	0.000465844	0.000802726	0.000205287	0.000263189	0.000157913	0.000368464	5.08832e-05	0.00047374	9.4748e-05	0.00023687	0.000157913	0	0	0	0	0	0
d3_2	0.00778365	0.00189769	0.00264871	0.0017429	0.00201447	0.00278304	0.00100982	0.00141815	0.00106876	0.00123591	0.00148882	0.00133734	0.00128952	0.00120286	0.000670919	0.000382574	0.000955974	0.00113138	0.00101037	0.000746925	0.000544372	0.000335428	0.000285893	0.00050432	0.000597447	0.000994854	0.000154478	0.000480758	9.4748e-05	0.000807614	5.26378e-05	0.000394783	0.000226342	0.000482712	0	7.51968e-06	0.000157913	0	0	1.05276e-05	4.21102e-05	0
d3_3	0.00807534	0.00141039	0.00188371	0.00278134	0.00210242	0.0018002	0.00128513	0.0025983	0.000839076	0.00139685	0.000319159	0.00218573	0.000555732	0.00113305	0.00112615	0.000720209	0.000391582	0.00152553	0.000885526	0.0010907	0.000994478	0.000148348	0.000743258	0.000575005	0.000326992	0.000901222	0.000196138	9.4748e-05	0.00023687	0.000363201	0.000199272	0.000112795	3.44538e-05	0.000252661	0.000331618	0.000226342	0.00023687	0.000368464	0	0	0	0
d3_4	0.00524313	0.00186645	0.00159125	0.00161682	0.00155355	0.000834828	0.00200043	0.00156745	0.000646143	0.000615531	0.000911279	0.00108583	0.000625903	0.00113486	0.000961249	0.000654399	0.00104458	0.000916739	0.000515975	0.00101666	0.000778139	0.00035142	0.000452309	0.000609208	0.000643058	0.000301414	0.000226958	0.000260181	0.000326354	0.000110539	0.000355305	0.000357937	0.000168441	7.89567e-05	0.000463212	9.4748e-05	0.000157913	5.26378e-05	5.26378e-05	0	0.000157913	0.000157913
d3_5	0.0042724	0.00148303	0.00242994	0.00136281	0.00130208	0.00158139	0.00099813	0.0010034	0.00177624	0.000977934	0.000555968	0.00157337	0.00119707	0.00101868	0.000676682	0.00141476	0.000243657	0.000834485	0.00124386	0.000719778	0.000662127	0.000894842	0.000703455	0.000759256	0.000881289	0.000402918	0.000297403	0.000315827	0.000126331	0.000315827	9.4748e-05	0	0.000210551	7.89567e-05	0.000210551	0.000252661	0	0	0.000157913	1.80472e-05	0	0
d3_6	0.00397296	0.00169613	0.00131372	0.00105351	0.00193214	0.00097709	0.000913921	0.00130426	0.000947589	0.00153232	0.000825064	0.000811717	0.00126423	0.000726336	0.000757092	0.000706619	0.000922008	0.000226593	0.000644573	0.000699824	0.000157913	0.000347949	0.000428121	0.000831832	0.000349665	0.000731665	0.000139335	0.00150018	0.000157913	0.000368464	0.000342146	0.000342146	0.000394783	1.57913e-05	0.000639173	0	0	0	0	0	0	0.000157913
d3_7	0.00371589	0.00100503	0.00172917	0.00105667	0.00169476	0.000980326	0.00106937	0.0010472	0.000747537	0.000958598	0.00112846	0.000965307	0.00151842	0.00069736	0.00110481	0.000846116	0.00124688	0.00110953	0.000688302	0.00044556	0.000610085	0.000691811	0.00113397	0.000700082	0.000568727	0.000381624	0.000421102	0.00038952	0.000157913	0.000349886	0.000157913	0.000684291	0.000131594	0.000673763	0.000157913	0.00023687	0.000315827	0.000210551	0.000210551	0.000157913	0.000157913	7.89567e-05
d3_8	0.00308364	0.00157024	0.00144163	0.00112244	0.000780091	0.00133832	0.00170307	0.00197317	0.00106478	0.000566893	0.000467877	0.000405942	0.00101291	0.000347975	0.000681136	0.00111855	0.000486523	0.00174314	0.000415838	0.00062525	0.000511994	0.000352673	0.000579015	0.000609846	0.00121841	0.000438648	0.000647445	0.000463212	0.000463212	0.000252661	9.65026e-05	0.000675518	0.00023687	0.000157913	0	0	7.51968e-06	0.000368464	0	5.26378e-05	0.000526378	0
d3_9	0.0030402	0.000778564	0.00130813	0.00181925	0.000850717	0.00109346	0.00042633	0.000364445	0.00216327	0.000193106	0.000656517	0.00138512	0.00166107	0.00129065	0.000514512	0.000402098	0.00171162	0.000992222	0.000680661	0.00161495	0.000601951	0.000462481	0.000592221	0.000210551	0.00067177	0.000370458	0.00113748	0.000917037	0.000263189	0.000773137	0.000536905	0.000526378	0.000447421	0.000157913	0	0.000184232	0.000157913	0.000315827	0.000526378	0	0.000157913	0.000447421
d3_10	0.00342466	0.000584116	0.00070168	0.000375237	0.000685831	0.000746317	0.000987002	0.000496447	0.000823263	0.00111846	0.000396232	0.000942163	0.000625408	0.00025528	0.000920554	0.00105818	0.00107772	0.00122821	0.00109436	0.000710849	0.00101766	0.000946448	0.0010896	0.00101115	0.000868523	0.000877797	0.000533897	0.000252661	0.000184232	0.000175459	0.000410575	7.89567e-05	0.00048126	0.000526378	2.63189e-05	0.000315827	0.00023687	0.000210551	5.26378e-05	0.000210551	0	0.000684291
d3_11	0.00187408	0.000704019	0.000570709	0.00106049	0.000979867	0.000976706	0.000995574	0.000746712	0.000919221	0.0010692	0.000676179	0.00104663	0.000985656	0.000381082	0.00112264	0.00115891	0.000659997	0.000591799	0.00037096	0.000952744	0.000763965	0.00060947	0.0010129	0.000372914	0.000594807	0.00101591	0.000121067	0.000184232	0.000626389	0.00100012	0.00110539	0.000315827	0	0.000789567	0.000105276	0	0.000315827	0.000157913	0.000842204	0.000157913	5.26378e-05	0
d3_12	0.00142862	0.00129066	0.000538661	0.000478022	0.000929688	0.000517603	0.000604401	0.00042709	0.000696176	0.000678586	0.00104592	0.000367398	0.00030555	0.00088222	0.000745702	0.000878162	0.00079048	0.00125854	0.000841885	0.000949504	0.00042411	0.000530764	0.000438648	0.00027898	0.00127383	0.00025498	0.00100538	0.000581647	0.000184232	0.000320338	0.000663236	0.000105276	0.000252661	0.000263189	0.00100012	0.000605334	0.000289508	0.00023687	0.000421102	5.26378e-05	0.000542169	0.000157913
d3_13	0.00139834	0.000699281	0.000590653	0.000771013	0.000723337	0.000727126	0.000558931	0.000839477	0.00112389	0.000531641	0.000913704	0.000347398	0.000355136	0.000570683	0.00060005	0.000915259	0.000265821	0.00129212	0.000963146	0.00131519	0.000593823	0.0001816	0.000470732	0.000315827	0.00100801	0.000647445	0.000242134	0.00047374	0.000426742	0.000726401	0.000210551	0.000315827	0.000157913	0.000279595	0.000375984	0.000526378	7.89567e-05	0.000579015	4.21102e-05	0.000157913	0.000210551	0.00047374
d3_14	0.000925835	0.0002468	0.000224544	0.000521829	0.000261156	0.000290677	0.000337871	0.000984239	0.000133079	0.000811017	0.000533714	0.000815765	0.000803061	0.000782285	0.00146756	0.000228143	0.00079834	0.000678275	0.000947719	0.000254416	0.000263189	9.03615e-05	0.000491286	0.000633032	0.000226342	0.000463212	0.000363577	0.000539161	0.000157913	0.00023687	0.000210551	0.000684291	0.000410575	0.000373728	0.000568488	0	0.000210551	0.000263189	0.000184232	0.00051585	0.00047374	0.000157913
d3_15	0.000729688	0.000368169	0.00016812	0.000692084	0.000137549	0.000120898	0.000473451	0.000499752	0.000319218	0.000673803	0.000208672	0.000314317	0.000435624	8.55257e-05	0.000781328	0.000465574	0.000574253	0.000942592	0.000621502	0.00102393	0.000797631	0.000352442	0.000764626	0.000970791	0.000652332	0.000163177	0.000984326	0.000208158	0.000610598	0.000642181	0.0010317	0.000144754	0.000157913	0.000523746	0.000226342	0.000552697	0.000726401	0.000447421	0.000157913	0.00071061	0.000157913	0.000315827
d3_16	0.000752824	0.000518633	0.000500157	0.000151294	7.18886e-05	0.000366288	0.000296371	0.000492163	0.000240755	0.000293427	0.000304992	0.000198114	0.000121753	0.000524773	0.000328861	0.000307084	0.000354929	0.000490386	0.00068003	0.00078191	0.000199146	0.000594807	0.000963271	0.00023687	0.000605334	0.000442157	0.000220577	0.00016868	0.000829045	0.000157913	0.00024439	0.000210551	0.00023687	2.63189e-05	0.000368464	0.00071061	2.63189e-05	0.000579015	0.000315827	0.00023687	5.26378e-05	0.000368464
d3_17	0.000446949	0.0003077	0.000392834	0.000210336	0.000627321	0.00051959	0.000313561	0.000477582	0.000475012	0.00024117	0.000438066	9.4748e-05	0.00030206	0.000242992	0.000265821	0.000777532	0.000988513	0.000497051	0.000549959	3.38386e-05	0.000142122	0.000644813	0.00062288	0.000586535	0.00152349	0.000227596	0.000454941	0.000560216	0.000410575	0.000315827	0.00110539	0.000105276	0.000394783	0.000326354	0.00130542	0.000210551	0.00047374	0.000184232	0.00109487	0.000357937	0	0.000789567
d3_18	0.00053297	3.76314e-05	0.000101223	0.000196615	0.000296763	0.000684011	0.000191145	0.000159858	0.000692137	0.000317909	0.000586911	0.000125299	0.000972107	0.000342146	0.000516727	9.5124e-05	0.000952744	0.000810246	0.00051585	0.000386512	1.31594e-05	0.000592414	0.000796585	0.000731665	0.000447421	0.000109662	0.000252661	0.000173705	0.000736929	0.000663099	0.000831677	0.000375984	0.000373728	0.000421102	0.000289508	0.000263189	0.000847468	0.000657972	9.4748e-05	0.000684291	0	0.00094748
d3_19	9.95755e-05	0.000172127	0.000267134	0.000214488	8.19473e-05	0.000170621	0.000351202	0.000531578	9.70039e-05	0.000447421	0.000387986	0.00055711	0.000481875	0.000256824	1.29281e-05	0.000607435	0.000362969	0.000402303	0.000559715	0.000583903	0.000426366	0.000165433	0.000410575	0.000252661	5.26378e-05	1.80472e-05	0.000105276	0.000368464	0.000663236	7.89567e-05	0.000421102	0.000763248	0.000552697	0.000157913	0.00047374	0.000112795	0.000368464	0.000526378	0.000368464	0.000157913	0.000842204	0.00047374
d3_20	0.000687556	0.00035515	1.57913e-05	4.21102e-05	0.000229565	0.000207813	0.000471459	0.000682014	0.000278342	0.000716144	0.000184232	0.000489771	0.000543172	0.000712102	0.000560216	0.000952242	0.000187052	0.00123436	0.00127784	0.000515098	0.000857996	0.00226418	0.00216544	0.000794078	0.00201001	0.00237133	0.00255732	0.00182691	0.00187616	0.00291312	0.00232659	0.00350568	0.00333197	0.0022341	0.00312142	0.00391099	0.00450053	0.00425313	0.00407943	0.00350041	0.00400047	0.00994854
