	d0_0	d0_1	d0_2	d0_3	d0_4	d0_5	d0_6	d0_7	d0_8	d0_9	d0_10	d0_11	d0_12	d0_13	d0_14	d0_15	d0_16	d0_17	d0_18
d2_0	0	0.0648595	0.0100803	0.00176103	0.000270401	2.34864e-05	9.04832e-06	0	0	0	0	0	0	0	0	0	0	0	0
d2_1	0.145424	0.0454866	0.014413	0.004248	0.000931047	0.000185023	7.383e-05	2.04041e-05	0	0	0	0	0	0	0	0	0	0	0
d2_2	0.0513265	0.0313745	0.0155846	0.00669789	0.00235939	0.00062529	0.00013778	7.74809e-06	6.16867e-06	0	0	0	0	0	0	0	0	0	0
d2_3	0.0231939	0.0222156	0.0132883	0.00633446	0.00323844	0.00115723	0.00021786	0.000104802	3.01963e-06	0	4.36169e-06	0	0	0	0	0	0	0	0
d2_4	0.0132086	0.01588	0.0132307	0.00748797	0.00482942	0.00171464	0.000664315	0.00024137	2.03909e-05	1.18628e-06	6.083e-05	0	0	0	0	0	0	0	0
d2_5	0.00605298	0.0114571	0.00949352	0.00774039	0.00404995	0.00191329	0.000889049	0.00036419	0.000241692	0.000265681	1.88487e-05	0	0	0	0	0	0	0	0
d2_6	0.00317399	0.00691815	0.00783181	0.00737294	0.00474374	0.00417119	0.00190994	0.00066989	6.61427e-05	0.000204222	1.7992e-05	0	0	0	0	0	0	0	0
d2_7	0.00196947	0.00516472	0.00682272	0.00605466	0.00444483	0.00285534	0.00141893	0.00107665	0.000234873	4.53226e-05	1.038e-05	1.26801e-05	0	0	0	0	0	0	0
d2_8	0.00120644	0.00320619	0.00416316	0.0064586	0.0041136	0.00337117	0.00162276	0.00120587	0.000364466	0.000217703	0.000208707	1.7992e-05	3.59839e-05	0	0	0	0	0	0
d2_9	0.000763571	0.00223815	0.00411016	0.00474103	0.00562989	0.0040499	0.0032279	0.00144982	0.000855892	0.000217781	0.000107952	0.000120131	3.59839e-05	0	0	0	0	0	0
d2_10	0.000359809	0.00179952	0.0028917	0.00372907	0.00415353	0.00356766	0.00218371	0.00206669	0.000973531	0.000163968	0.000232096	0.000199874	1.56246e-05	0	0	0	0	0	0
d2_11	0.000121289	0.000828422	0.00178596	0.00243708	0.00366838	0.00367231	0.00274011	0.00147359	0.00122499	0.000498899	0.000188402	1.07952e-05	0	0	0	0	0	0	0
d2_12	9.13438e-05	0.000575941	0.000848363	0.00274445	0.00333049	0.00336577	0.00157505	0.00241347	0.00126112	0.000523909	8.79036e-05	2.44177e-05	2.87871e-05	0.000161928	0	1.15663e-05	0	0	0
d2_13	8.71023e-05	0.00029977	0.000817207	0.00231409	0.00231548	0.00269835	0.00329048	0.00153335	0.00101362	0.000676576	0.000204252	0.00025283	0	0	0	0	0	0	0
d2_14	0	0.000217352	0.00112755	0.000878141	0.00124592	0.00194079	0.00293327	0.00248105	0.00243709	0.000607178	0.000520126	0.000294297	1.61928e-05	0	0	0	0	0	0
d2_15	0	0.000111036	0.000623205	0.00149792	0.0012507	0.00103942	0.00253116	0.00209144	0.00158963	0.00147311	0.000496249	0.000392225	0.00018506	0	0.000125944	0	0	0	0
d2_16	0	4.41232e-05	0.000512283	0.000655196	0.00105509	0.00157542	0.00209589	0.00253737	0.00228259	0.00173239	0.000829515	0.000586024	0.000118747	0.000136739	0	0	2.6988e-05	0	0
d2_17	0	5.39759e-05	6.38942e-05	0.000748115	0.000772533	0.00111549	0.00194474	0.00243384	0.00195104	0.00167624	0.00140406	0.000839625	0.000248289	0.00015593	1.76493e-05	0	0	0	0
d2_18	0	0	0.00049041	0.000227034	0.00056392	0.000821467	0.00148809	0.000907717	0.00196714	0.00156185	0.00137304	0.000868755	0.00100926	0.000388626	0.000192257	0	0	0	0
d2_19	0	0	0.000113092	8.21555e-05	0.000512514	0.000573944	0.00079181	0.0011719	0.00206505	0.00216794	0.000913478	0.000788648	0.00105613	0.000316659	0.000221044	0.000215904	0	0	0
d2_20	0	0	0	9.05596e-05	0.000560835	0.000906702	0.00098533	0.00192514	0.00132883	0.00137767	0.00218937	0.000849221	0.000638115	0.000460594	0.000251888	0	0	0	0
d2_21	0	0	6.47711e-05	3.59839e-05	0.00057505	0.000437462	0.00102476	0.00101336	0.00210464	0.0013332	0.000300115	0.00159349	0.000564948	0.000400964	0.000485783	0	0	0	0
d2_22	0	0	0	0.000440803	0.000281874	0.000367979	0.00107027	0.000562035	0.000883398	0.00175387	0.00163641	0.00158689	0.000494779	0.000260884	0.000305863	0	0	0	0
d2_23	0	0	0	4.11245e-05	0.00019457	0.00038657	0.000868755	0.000765601	0.00124419	0.00102447	0.00193679	0.000458281	0.00110085	0.00032	0.000532562	3.59839e-05	0.000476787	0	0
d2_24	0	0	0	0	0	0.000275441	0.000232096	0.000809639	0.00116193	0.000974908	0.00144604	0.00174522	0.0011209	0.000554153	0.00029147	0.000323855	0	3.59839e-05	0
d2_25	0	0	0	0	0	0.000143936	0.000147534	0.000543614	0.000665703	0.00125354	0.00181513	0.00178831	0.00160608	0.000946377	0.000832257	0.000334651	0.000323855	0	7.19679e-06
d2_26	0	0	0	0	7.19679e-05	6.86265e-05	0.00017992	0.000516369	0.000296867	0.0010934	0.00105047	0.0011299	0.00136533	0.000611213	0.000543357	0.000730474	0.000251888	0	1.7992e-05
d2_27	0	0	0	0	0	1.23373e-05	8.99598e-06	0.000262683	0.000320257	0.000480128	0.00139412	0.00118747	0.00160488	0.000928386	0.000287871	0.000197912	0.000467791	0	0
d2_28	0	0	0	0	0	0	4.83213e-05	0.000244691	0.000125944	0.00026988	0.000388626	0.000779052	0.00127537	0.00123065	0.00132781	0.000737671	0.000197912	3.59839e-05	1.07952e-05
d2_29	0	0	0	0	0	0.000172723	0	0	0.000107952	0.000262683	0.00018506	0.00153257	0.000640514	0.00120006	0.001335	0.000856418	0	0	0
d2_30	0	0	0	0	0	0	0	5.39759e-05	0.000136739	0.00020151	0.000575743	0.000622522	0.00164241	0.00158843	0.00137818	0.000449799	0.000676498	0.000161928	1.7992e-05
d2_31	0	0	0	0	0	0	0	0.000107952	0.000262683	5.39759e-05	0.000359839	0.00105433	0.000962313	0.00100755	0.00145015	0.000931984	0.00100035	0.000431807	0.000143936
d2_32	0	0	0	0	0	0	0	0	0.000221044	0	0.000449799	0.000532562	0.000996755	0.00160129	0.001792	0.00129542	0.00133141	0.000431807	2.87871e-05
d2_33	0	0	0	0	0	0	0	0	0.000107952	0.000143936	0	0.000287871	0.000413815	0.00100755	0.00102914	0.00172723	0.000539759	0.000467791	0.000107952
d2_34	0	0	0	0	0	0	0	0	0	0	3.59839e-05	0.000215904	0.000323855	0.000989558	0.00115508	0.00130622	0.00091759	0.000863614	0.000143936
d2_35	0	0	0	0	0	0	0	0	0	0.000143936	0	0.000251888	0.00082763	0.000863614	0.00109751	0.00142137	0.00133141	0.000989558	0.000287871
d2_36	0	0	0	0	0	0	0	0	0	0.000107952	0.000107952	0.000143936	0.000215904	0.000190715	0.000521767	0.00132421	0.00100035	0.00188916	0.000323855
d2_37	0	0	0	0	0	0	0	0	0	0	0	0.000107952	0.000107952	0.000395823	0.000899598	0.00082763	0.00165526	0.00176321	0.00115149
d2_38	0	0	0	0	0	0	0	0	0	0	0	0	0	0.000107952	0.000395823	0.000503775	0.000953574	0.00133141	0.00122345
d2_39	0	0	0	0	0	0	0	0	0	0	0	0	0	0	0.000251888	0.000971566	0.00131341	0.00136739	0.00161928
d2_40	0	0	0	0	0	0	0	0	0	0	0	0	0	0	0.000107952	0.000359839	0.000845622	0.000791647	0.00251888
d2_41	0	0	0	0	0	0	0	0	0	0	0	0	0	0	0	0.000107952	0.000431807	0.000935582	0.00169124
