	d2_0	d2_1	d2_2	d2_3	d2_4	d2_5	d2_6	d2_7	d2_8	d2_9	d2_10	d2_11	d2_12	d2_13	d2_14	d2_15	d2_16	d2_17	d2_18	d2_19	d2_20	d2_21	d2_22	d2_23	d2_24	d2_25	d2_26	d2_27	d2_28	d2_29	d2_30	d2_31	d2_32	d2_33	d2_34	d2_35	d2_36	d2_37	d2_38	d2_39	d2_40	d2_41
d3_0	0	0.140441	0.049231	0.0211361	0.0103846	0.0055332	0.00248375	0.00113904	0.000821904	0.000190882	0.000110128	7.91949e-05	4.54929e-05	0	3.83077e-06	0.000117477	3.57539e-05	0	0	0	0	0	0	0	0	0	0	0	0	0	0	0	0	0	0	0	0	0	0	0	0	0
d3_1	0.0697724	0.0463844	0.0320345	0.0213585	0.0152249	0.0089954	0.0059265	0.00401622	0.00239554	0.00193692	0.00142019	0.000845893	0.000244038	0.000128816	2.97211e-05	1.62518e-06	1.55785e-05	0.000187708	0	1.62518e-06	0	0	0	0	0	0	0	0	0	0	0	0	0	0	0	0	0	0	0	0	0	0
d3_2	0.0106483	0.0143516	0.0159852	0.0142353	0.0141205	0.0103453	0.00804249	0.00661186	0.00420399	0.00382424	0.00207872	0.00144362	0.000897178	0.000516532	0.000614467	0.00017483	0.000156168	0.000178769	4.24365e-05	0	0.000107262	0	0	0	0	0	0	0	0	0	0	0	0	0	0	0	0	0	0	0	0	0
d3_3	0.00199864	0.00589899	0.00588936	0.00725655	0.00839693	0.00723901	0.00746179	0.00663985	0.00516604	0.00415275	0.00310507	0.00226548	0.00174984	0.00170101	0.000972921	0.000710194	0.000518176	0.000366555	0.000320253	9.78124e-05	0	1.1918e-05	0.000350388	0	0	0	0	0	0	0	0	0	0	0	0	0	0	0	0	0	0	0
d3_4	0.000418762	0.00198445	0.00281079	0.00331448	0.00529104	0.00508967	0.00485737	0.00500363	0.00489413	0.00453232	0.00340119	0.00311733	0.00258105	0.00158042	0.00182885	0.000582103	0.000660784	0.000919876	0.000372599	0.000230868	0.000122457	5.1077e-06	2.68154e-05	4.46924e-05	0	5.36308e-05	0.000143016	0	0	0	0	0	0	0	0	0	0	0	0	0	0	0
d3_5	3.9767e-05	0.000219239	0.000844125	0.00109057	0.00186962	0.00239024	0.00393193	0.0029816	0.00336003	0.00397865	0.00326731	0.00311454	0.00283305	0.00275248	0.00182572	0.00190715	0.00110722	0.00128932	0.000931636	0.000536564	0.00041117	0.000738893	0.000512472	0.000158849	5.36308e-05	1.90687e-05	0.000160892	5.36308e-05	0	0	0	0	0	0	0	0	0	0	0	0	0	0
d3_6	2.66527e-05	0.000131632	0.000604222	0.000536917	0.00121671	0.00122351	0.00171244	0.00204789	0.00274195	0.00392999	0.00294293	0.00238585	0.00222757	0.0023	0.00285371	0.00172971	0.00210806	0.00182363	0.00134697	0.000691745	0.00092091	0.000752697	0.000489828	0.000146336	0.000107262	0.000126514	0.000107262	5.36308e-05	0	0	0	0.000107262	0	0	0	0	0	0	0	0	0	0
d3_7	0	2.32848e-05	2.64711e-05	0.000187189	0.000289509	0.000993885	0.00130798	0.000462652	0.00148759	0.0021546	0.00180531	0.00187526	0.00231003	0.00236252	0.0020382	0.00198951	0.00193036	0.00150336	0.00121436	0.00119633	0.000791693	0.000994213	0.000987233	0.000567891	0.000355496	0.000254108	0.000164468	0.000375416	0.000189496	1.07262e-05	1.78769e-05	0	0	0	0	0	0	0	0	0	0	0
d3_8	0	0	0	0.000104053	0.00014842	0.000292591	0.000776984	0.000814709	0.000408436	0.00148164	0.00205848	0.00188574	0.00173116	0.00178741	0.00143296	0.00186777	0.00244481	0.00144354	0.00148232	0.000994461	0.0022239	0.000772191	0.000941767	0.000822467	0.000990127	0.000720185	0.000439773	6.81878e-05	6.4357e-05	0	0.000107262	4.08616e-05	0	3.57539e-05	0	0.000143016	0	0	0	0	0	0
d3_9	0	0	2.97949e-06	2.08951e-05	2.3449e-05	0.0001049	6.4357e-05	0.000165913	0.000442943	0.000921476	0.000978434	0.00119315	0.000715572	0.00122622	0.00126797	0.00147886	0.00153351	0.00115249	0.00136673	0.00155016	0.00205133	0.00115521	0.000760196	0.00100468	0.000697781	0.000548985	0.000648678	0.000239551	0.000312591	0.000482677	5.36308e-05	1.07262e-05	0	3.57539e-05	0	0.000107262	0	0	0	0	0	0
d3_10	0	0	0	7.15078e-05	7.15078e-06	7.31329e-06	9.19386e-06	2.95969e-05	3.57539e-05	0.000127182	0.000610435	0.000127094	0.0010526	0.000510315	0.000882464	0.00093231	0.00168477	0.00216634	0.00133506	0.00180131	0.00162212	0.00107687	0.00128764	0.000838429	0.00184311	0.00128663	0.000693966	0.000748789	9.29601e-05	0.000557761	8.93847e-05	0.000375416	3.57539e-05	0	0	0	0	0	0	0	0	0
d3_11	0	0	0	0	0	0	0.000160892	5.1077e-06	0	8.77595e-05	0.000128405	0.000128118	0.000537245	0.000199626	0.000454415	0.000745886	0.000751951	0.000597686	0.00104699	0.000878622	0.000744362	0.00149467	0.00134707	0.00139951	0.000707672	0.00105116	0.000877417	0.000536308	0.000618542	0.000296757	0.000755939	0.000404019	0.000400444	0.000117988	0	0	0	0	0	0	0	0
d3_12	0	0	0	0	0	0	0.000107262	0	6.69108e-05	3.57539e-05	0.000138419	5.89939e-05	1.07262e-05	4.46924e-05	5.5256e-05	0.000483273	0.000877247	0.00114566	0.0010412	0.000746745	0.000698733	0.00149834	0.000648678	0.00105448	0.000814422	0.00184362	0.00141381	0.000932666	0.000981189	0.000754407	0.000750832	0.00125496	0.000607816	0.000107262	0.000250277	0.000250277	0.000143016	0	0	0	0	0
d3_13	0	0	0	0	0	0	0	0	0	0	5.95898e-06	1.07262e-05	0	0.000201506	0.000314882	0.000107262	0.000237508	0.000345025	0.00065197	0.00100886	0.000475527	0.000477059	0.00101541	0.00102086	0.000999321	0.0012851	0.00111552	0.000976081	0.00116021	0.000881078	0.00108334	0.000475527	0.000904573	0.000143016	7.15078e-05	0.000500554	0.000214523	1.78769e-05	0	0	0	0
d3_14	0	0	0	0	0	0	0	0	0	0	0.000143016	0	0	5.1077e-06	0	0.000189496	3.57539e-05	0.000160892	0.000324764	0.000652508	0.000602198	0.000493404	0.000672173	0.00120133	0.00104044	0.00185001	0.000630801	0.00124577	0.000897423	0.00092245	0.000893847	0.00122636	0.00157113	0.000918875	0.000547034	0.000500554	0.000160892	0.000286031	0.000107262	0	0	0
d3_15	0	0	0	0	0	0	0	0	0	1.78769e-05	0	0	0	1.07262e-05	1.02154e-06	0.000160892	0	3.57539e-05	0.000268154	0.0003715	0.000665022	0.00018592	0.000396868	0.000611391	0.000536308	0.000701968	0.000807782	0.000429047	0.000958204	0.00132826	0.00126569	0.0011048	0.00129787	0.000983232	0.00045765	0.00121563	0.000314634	0.000357539	0	0	0	0
d3_16	0	0	0	0	0	0	0	0	0	0	0	0	0	7.66155e-05	2.86031e-05	0.000143016	0	2.29846e-05	3.83077e-05	0	0	5.36308e-05	5.36308e-05	0.000146591	0.000375416	0.000160892	0.000237508	0.000929601	0.000636419	0.000375075	0.00107772	0.00110837	0.0013944	0.00114412	0.00141228	0.000768709	0.00087597	0.00100111	0.000250277	0.000500554	0.000268154	3.57539e-05
d3_17	0	0	0	0	0	0	0	0	0	0	0	0	0	0	0	0	0	0	0	0.000160892	5.36308e-05	0	3.95847e-05	0.000309016	0.000143016	0.000439773	0.000429047	0.000303908	0.000522007	0.000500554	0.000575638	0.000983232	0.00126926	0.000786585	0.00151239	0.00146591	0.000879546	0.00150166	0.000607816	0.000589939	0.000572062	0
d3_18	0	0	0	0	0	0	0	0	0	0	0	0	0	0	0	0	0	0	0	0	0	0.000160892	0	0	0.000143016	0	7.15078e-06	0.000214523	0.000196646	0.000143016	0.000672173	0.000518431	0.000822339	0.000750832	0.00117988	0.00128714	0.00169831	0.00171619	0.00109049	0.00110837	0.000357539	0.000178769
d3_19	0	0	0	0	0	0	0	0	0	0	0	0	0	0	0	0	0	0	0	0	0	0	5.36308e-05	0	0.000107262	0	0	0	0	0	0.000114412	0.000107262	0.000321785	0.000557761	0.000482677	0.000822339	0.000893847	0.00123351	0.00125139	0.00146591	0.00157317	0.00121563
d3_20	0	0	0	0	0	0	0	0	0	0	0	0	0	0	0	0	0	0	0	0	0	0	0	0	0	0	0	0	0	0	0	0	0	0.000214523	0	0.000107262	0.000607816	0.000750832	0.00117988	0.00182345	0.00182345	0.00171619
